new_event_0: 5, 45, 85
new_event_0: 24, 64, 104
new_event_0: 149, 189, 229
new_event_0: 159, 199, 239
new_event_4: 298, 338, 378
new_event_0: 272, 312, 352, 392, 432, 472
new_event_0: 279, 319, 359, 399
new_event_0: 356, 396, 436, 476
new_event_0: 524, 564, 604
new_event_0: 571, 611, 651, 691, 731
new_event_10: 581, 621
new_event_0: 607, 647, 687, 727
new_event_0: 756, 796, 836
new_event_0: 682, 722, 762, 802, 842
new_event_10: 785, 825
new_event_10: 789, 829
new_event_16: 770, 810, 850, 890
new_event_0: 773, 813, 853, 893
new_event_0: 778, 818, 858, 898, 938
new_event_19: 1067, 1107, 1147, 1187
new_event_0: 1091, 1131, 1171, 1211
new_event_0: 1387, 1427, 1467
new_event_0: 1428, 1468
new_event_0: 1397, 1437, 1477
new_event_0: 1367, 1407, 1447, 1487
new_event_25: 1525, 1565
new_event_0: 1511, 1551, 1591
new_event_0: 1600, 1640, 1680
new_event_0: 1619, 1659, 1699
new_event_0: 1509, 1549, 1589, 1629, 1669, 1709
new_event_0: 1726, 1766
new_event_31: 1740, 1780
new_event_0: 1809, 1849
new_event_33: 1877, 1917
new_event_0: 1958, 1998, 2038, 2078, 2118
new_event_1: 2023, 2063
new_event_36: 2249, 2289
new_event_0: 2340, 2380, 2420
new_event_38: 2347, 2387, 2427, 2467
new_event_0: 2578, 2618, 2658, 2698, 2738
new_event_0: 2689, 2729
new_event_0: 2715, 2755
new_event_0: 2873, 2913, 2953
new_event_0: 2799, 2839, 2879, 2919, 2959
new_event_0: 3003, 3043, 3083, 3123, 3163
new_event_0: 2999, 3039, 3079
new_event_0: 3014, 3054, 3094, 3134, 3174
new_event_0: 3007, 3047, 3087, 3127, 3167
new_event_0: 3206, 3246, 3286
new_event_0: 3236, 3276
new_event_0: 3215, 3255, 3295
new_event_0: 3231, 3271, 3311
new_event_0: 3394, 3434, 3474, 3514
new_event_0: 3548, 3588, 3628
new_event_0: 3698, 3738, 3778
new_event_0: 3686, 3726, 3766, 3806
new_event_0: 3695, 3735, 3775, 3815
new_event_0: 3699, 3739, 3779
new_event_58: 3747, 3787
new_event_59: 3819, 3859, 3899, 3939
new_event_0: 4016, 4056, 4096
new_event_0: 4041, 4081, 4121, 4161
new_event_0: 4044, 4084, 4124
new_event_0: 4022, 4062, 4102, 4142
new_event_64: 4131, 4171
new_event_0: 4197, 4237
new_event_0: 4213, 4253
new_event_0: 4293, 4333, 4373
new_event_0: 4261, 4301, 4341, 4381
new_event_0: 4507, 4547
new_event_0: 4517, 4557, 4597
new_event_0: 4640, 4680
new_event_0: 4715, 4755, 4795, 4835, 4875
new_event_0: 4718, 4758, 4798, 4838
new_event_0: 4932, 4972
new_event_0: 4909, 4949, 4989
new_event_0: 5077, 5117, 5157, 5197
new_event_0: 5261, 5301, 5341, 5381
new_event_0: 5560, 5600
new_event_0: 5523, 5563, 5603
new_event_80: 5570, 5610
new_event_0: 5557, 5597, 5637, 5677, 5717
new_event_0: 5624, 5664, 5704, 5744, 5784
new_event_83: 5794, 5834, 5874
new_event_84: 5918, 5958
new_event_0: 6047, 6087
new_event_0: 6154, 6194
new_event_0: 6234, 6274
new_event_0: 6458, 6498, 6538, 6578
new_event_0: 6495, 6535, 6575, 6615
new_event_0: 6641, 6681
new_event_0: 6913, 6953, 6993, 7033, 7073
new_event_0: 6977, 7017
new_event_0: 7062, 7102, 7142, 7182
new_event_0: 7111, 7151, 7191, 7231
new_event_95: 7294, 7334, 7374, 7414
new_event_0: 7476, 7516, 7556
new_event_0: 7379, 7419, 7459, 7499, 7539, 7579, 7619
new_event_0: 7581, 7621, 7661, 7701, 7741
new_event_0: 7774, 7814, 7854
new_event_0: 7745, 7785, 7825, 7865, 7905, 7945
new_event_0: 7884, 7924, 7964
new_event_0: 8016, 8056, 8096, 8136, 8176
new_event_0: 7984, 8024, 8064
new_event_0: 8109, 8149
new_event_0: 8042, 8082, 8122, 8162
new_event_0: 8103, 8143, 8183
new_event_0: 8411, 8451, 8491
new_event_0: 8556, 8596, 8636
new_event_0: 8698, 8738, 8778, 8818, 8858
new_event_0: 8791, 8831, 8871
new_event_0: 9002, 9042, 9082
new_event_0: 9013, 9053, 9093
new_event_33: 9038, 9078
new_event_0: 9008, 9048, 9088, 9128, 9168
new_event_115: 9230, 9270, 9310, 9350
new_event_0: 9244, 9284, 9324, 9364, 9404
new_event_0: 9250, 9290, 9330, 9370
new_event_0: 9440, 9480, 9520
new_event_0: 9469, 9509
new_event_0: 9541, 9581, 9621, 9661, 9701
new_event_0: 9555, 9595
new_event_83: 9558, 9598, 9638
new_event_0: 9571, 9611, 9651, 9691, 9731
new_event_0: 9802, 9842
new_event_125: 9818, 9858
new_event_126: 9882, 9922
new_event_0: 9899, 9939, 9979, 10019, 10059
new_event_0: 9919, 9959, 9999, 10039, 10079
new_event_0: 10004, 10044, 10084
new_event_0: 9970, 10010, 10050, 10090
new_event_0: 10024, 10064, 10104, 10144, 10184
new_event_0: 10162, 10202, 10242
new_event_0: 10218, 10258
new_event_134: 10222, 10262
new_event_0: 3, 43, 83
new_event_0: 27, 67, 107
new_event_0: 31, 71
new_event_0: 33, 73
new_event_0: 150, 190, 230
new_event_0: 179, 219
new_event_0: 184, 224, 264
new_event_0: 186, 226
new_event_0: 148, 188, 228
new_event_0: 158, 198, 238
new_event_0: 301, 341
new_event_0: 311, 351
new_event_0: 325, 365, 405, 445, 485
new_event_0: 331, 371, 411
new_event_0: 333, 373
new_event_0: 299, 339, 379, 419
new_event_0: 306, 346, 386, 426
new_event_0: 308, 348, 388, 428
new_event_0: 274, 314, 354, 394, 434, 474
new_event_0: 278, 318, 358, 398, 438, 478
new_event_0: 362, 402
new_event_0: 324, 364, 404, 444
new_event_0: 326, 366, 406, 446, 486
new_event_0: 368, 408
new_event_0: 370, 410, 450
new_event_0: 292, 332, 372, 412
new_event_0: 335, 375, 415
new_event_162: 300, 340, 380, 420
new_event_0: 389, 429
new_event_0: 355, 395, 435
new_event_0: 462, 502, 542
new_event_0: 508, 548, 588
new_event_0: 510, 550, 590, 630
new_event_0: 514, 554
new_event_0: 527, 567
new_event_0: 536, 576
new_event_0: 506, 546, 586, 626
new_event_0: 513, 553, 593, 633
new_event_0: 520, 560, 600, 640
new_event_0: 526, 566, 606
new_event_0: 530, 570, 610, 650, 690, 730
new_event_0: 578, 618, 658, 698, 738
new_event_0: 582, 622, 662, 702
new_event_0: 528, 568, 608, 648, 688
new_event_0: 612, 652, 692, 732
new_event_0: 574, 614, 654, 694, 734
new_event_0: 701, 741
new_event_0: 710, 750
new_event_0: 764, 804, 844
new_event_0: 783, 823
new_event_185: 791, 831
new_event_0: 767, 807, 847
new_event_0: 861, 901, 941
new_event_0: 1070, 1110, 1150, 1190, 1230, 1270
new_event_0: 1075, 1115, 1155, 1195
new_event_0: 1082, 1122, 1162, 1202
new_event_0: 1093, 1133, 1173, 1213
new_event_0: 1242, 1282, 1322
new_event_0: 1227, 1267, 1307
new_event_0: 1379, 1419, 1459
new_event_195: 1382, 1422
new_event_0: 1384, 1424, 1464
new_event_0: 1391, 1431, 1471
new_event_0: 1405, 1445
new_event_0: 1377, 1417, 1457
new_event_0: 1381, 1421, 1461
new_event_0: 1508, 1548
new_event_0: 1516, 1556
new_event_0: 1522, 1562
new_event_0: 1512, 1552, 1592, 1632, 1672, 1712, 1752
new_event_0: 1598, 1638, 1678, 1718
new_event_0: 1739, 1779
new_event_0: 1813, 1853, 1893, 1933
new_event_0: 1818, 1858, 1898, 1938
new_event_0: 1821, 1861, 1901, 1941
new_event_0: 1799, 1839, 1879
new_event_0: 1841, 1881, 1921
new_event_0: 1803, 1843, 1883, 1923
new_event_0: 1806, 1846, 1886
new_event_0: 1812, 1852, 1892, 1932
new_event_0: 1814, 1854, 1894
new_event_0: 1819, 1859, 1899
new_event_0: 1785, 1825, 1865, 1905, 1945
new_event_0: 1792, 1832, 1872, 1912
new_event_0: 1794, 1834, 1874, 1914, 1954, 1994
new_event_0: 1934, 1974, 2014, 2054
new_event_0: 1947, 1987, 2027, 2067
new_event_0: 1960, 2000
new_event_0: 1970, 2010, 2050
new_event_0: 1981, 2021
new_event_0: 1984, 2024, 2064
new_event_0: 2004, 2044
new_event_0: 2006, 2046
new_event_0: 1968, 2008, 2048
new_event_0: 1973, 2013, 2053
new_event_0: 1975, 2015, 2055
new_event_0: 2198, 2238
new_event_0: 2172, 2212, 2252, 2292
new_event_0: 2265, 2305
new_event_0: 2356, 2396, 2436
new_event_0: 2361, 2401
new_event_0: 2345, 2385, 2425
new_event_0: 2328, 2368, 2408, 2448
new_event_238: 2525, 2565, 2605, 2645
new_event_0: 2571, 2611, 2651
new_event_0: 2556, 2596, 2636
new_event_241: 2527, 2567, 2607, 2647
new_event_0: 2619, 2659
new_event_0: 2687, 2727
new_event_244: 2714, 2754
new_event_0: 2797, 2837
new_event_0: 2809, 2849
new_event_0: 2813, 2853, 2893, 2933, 2973
new_event_0: 2822, 2862
new_event_0: 2798, 2838, 2878, 2918, 2958
new_event_0: 2810, 2850, 2890, 2930, 2970
new_event_0: 2814, 2854, 2894, 2934, 2974
new_event_0: 2823, 2863, 2903, 2943, 2983, 3023
new_event_0: 2825, 2865, 2905
new_event_0: 2875, 2915, 2955
new_event_0: 2841, 2881, 2921, 2961
new_event_0: 2845, 2885, 2925, 2965
new_event_0: 2888, 2928, 2968
new_event_0: 2900, 2940, 2980
new_event_0: 3002, 3042, 3082, 3122, 3162
new_event_0: 3090, 3130, 3170
new_event_0: 3015, 3055, 3095, 3135, 3175
new_event_0: 3103, 3143
new_event_0: 3119, 3159
new_event_0: 3086, 3126, 3166
new_event_0: 3128, 3168
new_event_0: 3210, 3250, 3290
new_event_0: 3224, 3264, 3304
new_event_0: 3234, 3274, 3314
new_event_0: 3357, 3397, 3437, 3477
new_event_0: 3401, 3441, 3481
new_event_0: 3363, 3403, 3443, 3483, 3523
new_event_0: 3373, 3413, 3453
new_event_0: 3377, 3417, 3457
new_event_0: 3428, 3468, 3508
new_event_0: 3524, 3564, 3604, 3644
new_event_0: 3497, 3537, 3577, 3617
new_event_0: 3586, 3626
new_event_0: 3684, 3724, 3764, 3804
new_event_0: 3664, 3704, 3744, 3784
new_event_0: 3712, 3752, 3792
new_event_0: 3677, 3717, 3757, 3797, 3837
new_event_0: 3641, 3681, 3721, 3761
new_event_0: 3689, 3729, 3769, 3809
new_event_0: 3692, 3732, 3772, 3812
new_event_0: 3749, 3789
new_event_0: 3713, 3753, 3793
new_event_0: 3765, 3805
new_event_0: 3773, 3813
new_event_0: 4018, 4058, 4098, 4138
new_event_0: 4030, 4070, 4110
new_event_0: 4033, 4073, 4113, 4153
new_event_0: 4037, 4077, 4117
new_event_0: 4040, 4080, 4120
new_event_0: 4052, 4092, 4132, 4172
new_event_0: 4015, 4055, 4095
new_event_0: 4027, 4067, 4107, 4147
new_event_0: 4072, 4112, 4152
new_event_0: 4075, 4115, 4155
new_event_0: 4039, 4079, 4119, 4159
new_event_0: 4042, 4082, 4122, 4162
new_event_0: 4047, 4087, 4127, 4167
new_event_0: 4054, 4094, 4134, 4174
new_event_0: 4021, 4061, 4101, 4141
new_event_0: 4034, 4074, 4114, 4154
new_event_0: 4045, 4085, 4125, 4165
new_event_0: 4129, 4169
new_event_0: 4195, 4235
new_event_0: 4200, 4240
new_event_0: 4269, 4309, 4349, 4389
new_event_0: 4216, 4256, 4296, 4336, 4376
new_event_0: 4280, 4320, 4360
new_event_0: 4419, 4459
new_event_0: 4436, 4476
new_event_0: 4478, 4518, 4558
new_event_0: 4480, 4520, 4560, 4600
new_event_0: 4537, 4577
new_event_0: 4505, 4545, 4585, 4625
new_event_0: 4563, 4603
new_event_0: 4622, 4662, 4702
new_event_0: 4684, 4724
new_event_0: 4665, 4705, 4745
new_event_0: 4761, 4801, 4841
new_event_0: 4771, 4811, 4851
new_event_23: 4793, 4833
new_event_0: 4819, 4859
new_event_0: 4887, 4927, 4967
new_event_0: 4882, 4922, 4962, 5002, 5042
new_event_0: 4931, 4971
new_event_0: 5076, 5116, 5156, 5196
new_event_0: 5123, 5163, 5203
new_event_0: 5252, 5292, 5332, 5372, 5412
new_event_0: 5254, 5294, 5334, 5374
new_event_0: 5308, 5348, 5388
new_event_0: 5271, 5311, 5351, 5391
new_event_29: 5236, 5276, 5316, 5356
new_event_0: 5279, 5319, 5359
new_event_0: 5339, 5379
new_event_0: 5534, 5574
new_event_0: 5536, 5576, 5616, 5656
new_event_0: 5540, 5580, 5620
new_event_0: 5544, 5584
new_event_0: 5550, 5590, 5630
new_event_0: 5552, 5592, 5632
new_event_0: 5556, 5596, 5636, 5676
new_event_0: 5526, 5566, 5606
new_event_0: 5568, 5608
new_event_0: 5542, 5582, 5622
new_event_0: 5546, 5586, 5626
new_event_0: 5588, 5628
new_event_0: 5648, 5688, 5728
new_event_0: 5668, 5708, 5748, 5788
new_event_0: 5711, 5751, 5791
new_event_0: 5682, 5722, 5762, 5802, 5842, 5882
new_event_0: 5757, 5797, 5837, 5877
new_event_0: 5858, 5898, 5938, 5978
new_event_0: 5902, 5942, 5982
new_event_0: 5907, 5947, 5987
new_event_0: 5913, 5953
new_event_0: 6012, 6052, 6092
new_event_0: 6026, 6066, 6106
new_event_0: 6031, 6071, 6111
new_event_0: 6015, 6055, 6095, 6135, 6175, 6215, 6255
new_event_0: 6148, 6188
new_event_0: 6233, 6273
new_event_0: 6361, 6401, 6441, 6481
new_event_0: 6464, 6504, 6544, 6584
new_event_0: 6473, 6513, 6553
new_event_0: 6435, 6475, 6515, 6555
new_event_0: 6477, 6517, 6557, 6597
new_event_0: 6444, 6484, 6524, 6564, 6604
new_event_0: 6460, 6500, 6540, 6580
new_event_0: 6506, 6546
new_event_0: 6472, 6512, 6552, 6592
new_event_0: 6520, 6560, 6600
new_event_0: 6522, 6562, 6602
new_event_0: 6494, 6534, 6574, 6614
new_event_0: 6521, 6561, 6601
new_event_0: 6570, 6610
new_event_0: 6656, 6696, 6736, 6776
new_event_0: 6660, 6700, 6740, 6780
new_event_0: 6666, 6706, 6746
new_event_0: 6648, 6688, 6728, 6768
new_event_0: 6659, 6699, 6739
new_event_0: 6652, 6692, 6732, 6772, 6812
new_event_0: 6783, 6823, 6863
new_event_0: 6962, 7002
new_event_0: 6973, 7013
new_event_0: 6979, 7019
new_event_0: 6912, 6952, 6992, 7032, 7072
new_event_0: 7115, 7155, 7195
new_event_0: 7117, 7157
new_event_0: 7141, 7181
new_event_0: 7122, 7162, 7202, 7242
new_event_0: 7095, 7135, 7175, 7215
new_event_30: 7058, 7098, 7138, 7178, 7218, 7258
new_event_0: 7200, 7240
new_event_0: 7295, 7335, 7375, 7415
new_event_0: 7290, 7330, 7370, 7410
new_event_0: 7451, 7491, 7531
new_event_0: 7473, 7513, 7553
new_event_0: 7478, 7518, 7558
new_event_0: 7464, 7504, 7544
new_event_0: 7583, 7623
new_event_0: 7587, 7627, 7667
new_event_0: 7584, 7624, 7664
new_event_0: 7594, 7634, 7674, 7714
new_event_0: 7599, 7639, 7679, 7719
new_event_0: 7683, 7723
new_event_0: 7685, 7725
new_event_0: 7754, 7794, 7834, 7874
new_event_0: 7759, 7799, 7839
new_event_0: 7796, 7836
new_event_0: 7781, 7821, 7861, 7901, 7941
new_event_0: 7886, 7926, 7966
new_event_0: 7913, 7953
new_event_0: 7920, 7960
new_event_0: 7929, 7969
new_event_31: 7983, 8023
new_event_0: 7985, 8025, 8065
new_event_0: 7909, 7949, 7989, 8029, 8069
new_event_0: 8111, 8151
new_event_0: 8045, 8085, 8125, 8165
new_event_0: 8049, 8089, 8129, 8169
new_event_0: 8101, 8141, 8181
new_event_0: 8264, 8304, 8344
new_event_0: 8226, 8266, 8306
new_event_0: 8228, 8268, 8308, 8348
new_event_0: 8270, 8310, 8350
new_event_0: 8232, 8272, 8312, 8352
new_event_0: 8397, 8437, 8477
new_event_0: 8366, 8406, 8446, 8486
new_event_0: 8538, 8578, 8618, 8658
new_event_0: 8517, 8557, 8597, 8637
new_event_0: 8693, 8733
new_event_0: 8710, 8750, 8790, 8830, 8870
new_event_32: 8705, 8745, 8785, 8825, 8865, 8905
new_event_0: 8773, 8813, 8853
new_event_0: 8948, 8988, 9028
new_event_0: 8957, 8997, 9037, 9077
new_event_0: 9020, 9060, 9100
new_event_0: 9033, 9073, 9113
new_event_0: 9035, 9075, 9115
new_event_0: 9039, 9079, 9119
new_event_0: 9003, 9043, 9083
new_event_0: 9012, 9052, 9092, 9132
new_event_0: 9018, 9058, 9098, 9138, 9178
new_event_0: 9019, 9059, 9099
new_event_0: 9010, 9050, 9090, 9130, 9170
new_event_0: 9220, 9260, 9300, 9340, 9380
new_event_0: 9225, 9265, 9305
new_event_0: 9228, 9268, 9308, 9348
new_event_0: 9238, 9278, 9318, 9358
new_event_0: 9240, 9280, 9320, 9360
new_event_0: 9246, 9286, 9326, 9366
new_event_0: 9211, 9251, 9291, 9331, 9371, 9411
new_event_0: 9293, 9333, 9373
new_event_0: 9255, 9295, 9335
new_event_0: 9299, 9339, 9379, 9419
new_event_0: 9226, 9266, 9306, 9346, 9386
new_event_0: 9229, 9269, 9309, 9349
new_event_0: 9327, 9367
new_event_0: 9442, 9482, 9522
new_event_0: 9465, 9505, 9545, 9585
new_event_0: 9467, 9507
new_event_0: 9445, 9485, 9525
new_event_0: 9546, 9586
new_event_0: 9554, 9594
new_event_0: 9559, 9599
new_event_0: 9625, 9665, 9705
new_event_0: 9886, 9926, 9966
new_event_0: 9898, 9938, 9978
new_event_0: 9892, 9932, 9972
new_event_0: 9901, 9941, 9981, 10021, 10061
new_event_0: 9903, 9943, 9983, 10023
new_event_0: 9905, 9945, 9985, 10025
new_event_0: 9907, 9947, 9987, 10027
new_event_0: 9909, 9949, 9989, 10029
new_event_0: 9911, 9951, 9991
new_event_0: 9910, 9950, 9990, 10030, 10070
new_event_0: 9956, 9996, 10036, 10076
new_event_0: 10000, 10040, 10080
new_event_0: 10012, 10052, 10092
new_event_0: 10022, 10062, 10102
new_event_0: 9962, 10002, 10042, 10082, 10122
new_event_0: 10088, 10128, 10168, 10208
new_event_0: 10105, 10145, 10185, 10225, 10265
new_event_0: 10067, 10107, 10147
new_event_0: 10109, 10149
new_event_0: 10116, 10156, 10196, 10236
new_event_0: 10120, 10160, 10200, 10240, 10280, 10320
new_event_0: 10126, 10166, 10206
new_event_0: 10101, 10141, 10181
new_event_0: 10143, 10183, 10223, 10263
new_event_0: 10110, 10150, 10190, 10230, 10270
new_event_0: 10114, 10154, 10194, 10234
new_event_0: 10187, 10227
new_event_0: 498, 538
new_event_33: 529, 569
new_event_0: 1262, 1302, 1342
new_event_0: 1404, 1444, 1484
new_event_0: 1936, 1976, 2016, 2056
new_event_0: 1961, 2001
new_event_0: 2802, 2842, 2882, 2922, 2962
new_event_34: 2791, 2831, 2871, 2911
new_event_35: 3133, 3173
new_event_0: 4017, 4057, 4097, 4137, 4177
new_event_36: 4423, 4463
new_event_37: 4751, 4791, 4831
new_event_0: 5525, 5565, 5605
new_event_37: 5666, 5706, 5746, 5786
new_event_0: 5859, 5899, 5939, 5979
new_event_0: 6462, 6502, 6542
new_event_0: 7114, 7154, 7194, 7234
new_event_38: 7210, 7250
new_event_39: 7733, 7773
new_event_0: 8255, 8295, 8335, 8375
new_event_0: 8990, 9030
new_event_40: 10018, 10058, 10098, 10138
new_event_0: 17, 57, 97
new_event_0: 26, 66
new_event_0: 7, 47, 87
new_event_0: 20, 60, 100
new_event_0: 23, 63, 103
new_event_0: 25, 65, 105
new_event_0: 391, 431, 471
new_event_0: 447, 487
new_event_0: 465, 505, 545
new_event_41: 766, 806, 846, 886
new_event_0: 758, 798, 838, 878
new_event_0: 855, 895, 935
new_event_0: 926, 966
new_event_0: 933, 973
new_event_0: 1007, 1047
new_event_0: 1059, 1099, 1139, 1179, 1219
new_event_0: 1066, 1106, 1146, 1186
new_event_0: 1335, 1375, 1415
new_event_0: 1537, 1577, 1617, 1657
new_event_0: 1750, 1790, 1830
new_event_0: 1789, 1829, 1869
new_event_0: 1800, 1840, 1880, 1920
new_event_0: 1805, 1845, 1885, 1925
new_event_0: 1807, 1847, 1887
new_event_0: 1959, 1999, 2039, 2079, 2119
new_event_42: 2036, 2076, 2116, 2156
new_event_0: 2096, 2136
new_event_0: 2103, 2143
new_event_0: 2107, 2147
new_event_0: 2086, 2126, 2166
new_event_43: 2275, 2315
new_event_0: 2283, 2323
new_event_0: 2333, 2373, 2413
new_event_44: 2336, 2376, 2416, 2456
new_event_0: 2394, 2434, 2474
new_event_0: 2464, 2504, 2544
new_event_0: 2499, 2539, 2579
new_event_0: 2524, 2564, 2604, 2644
new_event_0: 2554, 2594, 2634, 2674
new_event_45: 2723, 2763
new_event_0: 2826, 2866
new_event_46: 3022, 3062
new_event_0: 2996, 3036, 3076
new_event_0: 3116, 3156, 3196
new_event_0: 3139, 3179, 3219, 3259, 3299
new_event_0: 3207, 3247, 3287
new_event_0: 3205, 3245, 3285
new_event_0: 3214, 3254, 3294
new_event_0: 3493, 3533, 3573, 3613
new_event_45: 3796, 3836
new_event_0: 3826, 3866
new_event_0: 3823, 3863, 3903
new_event_0: 3915, 3955
new_event_0: 3894, 3934, 3974
new_event_0: 4020, 4060, 4100
new_event_47: 4413, 4453
new_event_0: 4524, 4564, 4604, 4644
new_event_0: 4719, 4759, 4799, 4839
new_event_0: 4943, 4983, 5023
new_event_0: 4948, 4988, 5028
new_event_0: 4944, 4984, 5024
new_event_0: 5007, 5047
new_event_0: 5094, 5134
new_event_42: 5099, 5139, 5179, 5219
new_event_0: 5128, 5168, 5208
new_event_0: 5151, 5191, 5231
new_event_0: 5159, 5199, 5239
new_event_0: 5259, 5299
new_event_48: 5423, 5463
new_event_0: 5396, 5436, 5476
new_event_0: 5446, 5486
new_event_0: 5795, 5835, 5875
new_event_0: 5772, 5812, 5852, 5892, 5932, 5972
new_event_49: 5827, 5867
new_event_0: 5888, 5928, 5968, 6008
new_event_0: 5915, 5955, 5995
new_event_0: 6020, 6060, 6100
new_event_0: 6029, 6069, 6109
new_event_0: 6035, 6075, 6115
new_event_0: 6040, 6080, 6120, 6160, 6200
new_event_47: 6131, 6171, 6211
new_event_50: 6125, 6165, 6205, 6245
new_event_0: 6308, 6348, 6388
new_event_0: 6331, 6371
new_event_0: 6340, 6380
new_event_51: 6351, 6391
new_event_0: 6327, 6367, 6407
new_event_0: 6359, 6399, 6439, 6479, 6519, 6559
new_event_0: 6362, 6402, 6442, 6482
new_event_0: 6453, 6493, 6533, 6573, 6613
new_event_0: 6461, 6501, 6541
new_event_0: 6581, 6621
new_event_0: 6638, 6678, 6718
new_event_52: 6645, 6685, 6725, 6765
new_event_53: 6852, 6892
new_event_51: 6867, 6907
new_event_0: 7057, 7097
new_event_0: 7276, 7316, 7356, 7396
new_event_0: 7304, 7344, 7384, 7424
new_event_0: 7307, 7347, 7387
new_event_0: 7279, 7319, 7359, 7399, 7439, 7479
new_event_0: 7324, 7364, 7404
new_event_0: 7287, 7327, 7367, 7407
new_event_0: 7378, 7418, 7458, 7498, 7538
new_event_0: 7443, 7483, 7523, 7563, 7603, 7643
new_event_0: 8229, 8269, 8309, 8349
new_event_54: 8299, 8339
new_event_0: 8315, 8355, 8395, 8435, 8475
new_event_45: 8329, 8369
new_event_0: 8414, 8454, 8494
new_event_55: 8388, 8428, 8468, 8508
new_event_0: 8956, 8996
new_event_0: 9009, 9049, 9089
new_event_0: 9015, 9055, 9095
new_event_0: 9104, 9144, 9184
new_event_0: 9161, 9201
new_event_0: 9227, 9267, 9307
new_event_0: 9245, 9285, 9325, 9365
new_event_0: 9347, 9387, 9427
new_event_0: 9382, 9422
new_event_56: 9612, 9652, 9692, 9732
new_event_0: 9547, 9587, 9627, 9667, 9707
new_event_0: 9675, 9715
new_event_57: 9697, 9737
new_event_0: 9763, 9803, 9843
new_event_53: 9804, 9844
new_event_58: 9828, 9868
new_event_51: 9835, 9875
new_event_0: 9814, 9854, 9894, 9934, 9974
new_event_0: 10221, 10261, 10301
new_event_59: 13, 53, 93
new_event_0: 29, 69
new_event_0: 152, 192, 232
new_event_0: 167, 207, 247, 287
new_event_0: 304, 344
new_event_0: 556, 596, 636, 676, 716
new_event_0: 615, 655, 695, 735
new_event_0: 864, 904
new_event_60: 1098, 1138, 1178, 1218
new_event_61: 1224, 1264, 1304
new_event_0: 1243, 1283, 1323
new_event_62: 1443, 1483
new_event_63: 1454, 1494
new_event_0: 1510, 1550, 1590
new_event_0: 1596, 1636, 1676, 1716
new_event_0: 1731, 1771
new_event_0: 1811, 1851
new_event_0: 1963, 2003
new_event_64: 2034, 2074
new_event_0: 2186, 2226
new_event_0: 2272, 2312
new_event_0: 2335, 2375, 2415, 2455
new_event_0: 2518, 2558, 2598, 2638
new_event_0: 2580, 2620, 2660
new_event_0: 2520, 2560, 2600, 2640
new_event_0: 2583, 2623, 2663
new_event_0: 3005, 3045, 3085
new_event_0: 3019, 3059, 3099
new_event_0: 3213, 3253, 3293
new_event_0: 3204, 3244, 3284
new_event_0: 3346, 3386, 3426, 3466, 3506
new_event_0: 3399, 3439, 3479, 3519, 3559, 3599
new_event_0: 3456, 3496, 3536, 3576, 3616
new_event_0: 3687, 3727, 3767, 3807
new_event_0: 3702, 3742
new_event_0: 3751, 3791, 3831
new_event_0: 3781, 3821, 3861
new_event_0: 3882, 3922, 3962
new_event_0: 4023, 4063, 4103
new_event_0: 4555, 4595, 4635, 4675
new_event_0: 4794, 4834, 4874
new_event_65: 4952, 4992
new_event_66: 5129, 5169
new_event_0: 5272, 5312, 5352
new_event_0: 5672, 5712
new_event_0: 5903, 5943, 5983
new_event_0: 6227, 6267
new_event_0: 6450, 6490, 6530
new_event_0: 6637, 6677, 6717
new_event_0: 6651, 6691, 6731, 6771
new_event_0: 6663, 6703, 6743
new_event_0: 6981, 7021
new_event_0: 6990, 7030, 7070
new_event_0: 7091, 7131, 7171
new_event_0: 7116, 7156, 7196
new_event_0: 7297, 7337, 7377, 7417
new_event_0: 7448, 7488
new_event_0: 7585, 7625, 7665, 7705
new_event_0: 7600, 7640, 7680, 7720
new_event_0: 7656, 7696, 7736
new_event_0: 7747, 7787, 7827
new_event_61: 7797, 7837, 7877
new_event_67: 7805, 7845, 7885
new_event_0: 7887, 7927, 7967
new_event_0: 8086, 8126, 8166, 8206
new_event_0: 8115, 8155
new_event_68: 8044, 8084, 8124, 8164
new_event_0: 8106, 8146, 8186
new_event_0: 8390, 8430, 8470, 8510
new_event_0: 8992, 9032, 9072, 9112
new_event_0: 9006, 9046
new_event_64: 9084, 9124
new_event_0: 9236, 9276, 9316, 9356
new_event_67: 9329, 9369
new_event_0: 9447, 9487, 9527
new_event_0: 9431, 9471, 9511
new_event_0: 9807, 9847
new_event_69: 9826, 9866
new_event_70: 10008, 10048
new_event_71: 10219, 10259
new_event_72: 10226, 10266
new_event_0: 1, 41, 81
new_event_73: 35, 75
new_event_0: 153, 193, 233
new_event_0: 162, 202, 242, 282, 322
new_event_0: 155, 195, 235
new_event_0: 305, 345
new_event_74: 672, 712, 752
new_event_75: 780, 820
new_event_76: 865, 905
new_event_0: 1607, 1647, 1687
new_event_0: 1603, 1643, 1683
new_event_0: 1730, 1770
new_event_77: 2185, 2225
new_event_0: 2197, 2237
new_event_0: 2163, 2203, 2243
new_event_0: 2206, 2246, 2286
new_event_0: 2344, 2384, 2424
new_event_78: 2277, 2317, 2357, 2397, 2437
new_event_0: 2519, 2559, 2599, 2639
new_event_79: 2528, 2568, 2608, 2648
new_event_0: 2681, 2721
new_event_80: 2699, 2739
new_event_81: 2707, 2747
new_event_82: 3187, 3227, 3267, 3307
new_event_0: 3232, 3272, 3312
new_event_0: 3554, 3594, 3634
new_event_83: 3563, 3603
new_event_84: 3688, 3728
new_event_0: 4026, 4066, 4106, 4146
new_event_85: 4088, 4128, 4168
new_event_86: 4271, 4311
new_event_0: 4764, 4804
new_event_0: 4763, 4803, 4843
new_event_68: 4884, 4924, 4964, 5004
new_event_0: 4915, 4955, 4995, 5035
new_event_89: 5237, 5277, 5317, 5357
new_event_0: 5282, 5322, 5362
new_event_0: 5284, 5324, 5364
new_event_0: 5285, 5325, 5365
new_event_0: 5287, 5327, 5367, 5407
new_event_0: 5257, 5297, 5337, 5377
new_event_80: 5399, 5439
new_event_0: 5650, 5690, 5730
new_event_90: 5760, 5800, 5840, 5880
new_event_0: 5909, 5949, 5989
new_event_0: 5908, 5948, 5988
new_event_0: 6036, 6076, 6116
new_event_91: 6140, 6180, 6220, 6260
new_event_0: 6146, 6186
new_event_88: 6124, 6164, 6204, 6244
new_event_0: 6226, 6266
new_event_0: 6662, 6702, 6742
new_event_0: 6665, 6705, 6745
new_event_0: 6676, 6716, 6756
new_event_92: 6786, 6826
new_event_0: 6984, 7024
new_event_0: 7090, 7130, 7170
new_event_0: 7280, 7320, 7360
new_event_0: 7325, 7365, 7405
new_event_0: 7474, 7514, 7554
new_event_0: 7465, 7505, 7545
new_event_0: 7528, 7568, 7608
new_event_0: 8043, 8083, 8123
new_event_87: 8059, 8099, 8139, 8179
new_event_0: 8105, 8145, 8185
new_event_0: 8386, 8426, 8466, 8506
new_event_0: 8394, 8434, 8474
new_event_93: 8444, 8484
new_event_0: 9446, 9486, 9526
new_event_0: 9452, 9492, 9532
new_event_0: 9435, 9475, 9515
new_event_0: 9451, 9491, 9531
new_event_0: 9549, 9589, 9629
new_event_92: 9562, 9602
new_event_0: 36, 76
new_event_0: 151, 191, 231
new_event_94: 616, 656, 696, 736
new_event_95: 713, 753
new_event_0: 771, 811, 851
new_event_0: 1077, 1117, 1157, 1197, 1237, 1277, 1317, 1357
new_event_0: 1239, 1279
new_event_96: 1526, 1566
new_event_97: 1614, 1654
new_event_0: 1694, 1734, 1774
new_event_97: 2190, 2230
new_event_97: 2192, 2232
new_event_0: 2194, 2234, 2274, 2314
new_event_0: 2609, 2649
new_event_0: 2584, 2624, 2664
new_event_98: 2682, 2722, 2762
new_event_0: 3402, 3442, 3482, 3522
new_event_0: 6166, 6206, 6246
new_event_98: 6229, 6269
new_event_97: 6985, 7025
new_event_0: 7286, 7326, 7366
new_event_0: 7508, 7548
new_event_99: 7626, 7666
new_event_0: 7813, 7853, 7893, 7933, 7973
new_event_100: 7922, 7962
new_event_0: 8092, 8132, 8172
new_event_0: 8443, 8483
new_event_101: 8555, 8595
new_event_0: 9436, 9476, 9516
new_event_0: 9551, 9591
new_event_0: 9563, 9603
new_event_0: 38, 78
new_event_0: 157, 197, 237
new_event_0: 164, 204, 244
new_event_0: 166, 206, 246, 286
new_event_0: 171, 211, 251, 291
new_event_0: 175, 215, 255
new_event_0: 182, 222
new_event_0: 161, 201, 241
new_event_0: 273, 313, 353, 393
new_event_0: 499, 539, 579
new_event_0: 522, 562, 602, 642
new_event_0: 667, 707
new_event_0: 728, 768, 808, 848
new_event_0: 779, 819
new_event_0: 786, 826
new_event_0: 793, 833
new_event_0: 795, 835, 875
new_event_0: 803, 843, 883
new_event_0: 866, 906
new_event_0: 1123, 1163, 1203
new_event_0: 1088, 1128, 1168, 1208
new_event_0: 1124, 1164, 1204
new_event_0: 1072, 1112, 1152, 1192, 1232, 1272, 1312
new_event_0: 1076, 1116, 1156, 1196, 1236, 1276, 1316, 1356
new_event_0: 1399, 1439, 1479, 1519, 1559, 1599, 1639
new_event_0: 1531, 1571
new_event_0: 1611, 1651, 1691
new_event_0: 1618, 1658, 1698
new_event_0: 1601, 1641, 1681, 1721
new_event_0: 1610, 1650, 1690
new_event_0: 1622, 1662, 1702
new_event_0: 1743, 1783, 1823
new_event_0: 1796, 1836, 1876, 1916, 1956, 1996
new_event_0: 2183, 2223
new_event_0: 2200, 2240, 2280
new_event_0: 2167, 2207, 2247, 2287
new_event_0: 2319, 2359, 2399
new_event_0: 2355, 2395, 2435
new_event_0: 2326, 2366, 2406, 2446
new_event_0: 2521, 2561, 2601, 2641
new_event_102: 2526, 2566, 2606, 2646
new_event_103: 2522, 2562, 2602, 2642
new_event_0: 2626, 2666
new_event_104: 2685, 2725
new_event_105: 2690, 2730
new_event_0: 2703, 2743
new_event_106: 2717, 2757
new_event_0: 2806, 2846, 2886, 2926, 2966
new_event_0: 2889, 2929, 2969, 3009, 3049
new_event_0: 2851, 2891, 2931, 2971
new_event_0: 3217, 3257, 3297
new_event_0: 3228, 3268, 3308
new_event_0: 3238, 3278, 3318
new_event_0: 3226, 3266, 3306
new_event_0: 3404, 3444, 3484
new_event_0: 3495, 3535, 3575, 3615, 3655
new_event_0: 3547, 3587, 3627
new_event_107: 3557, 3597
new_event_108: 3562, 3602
new_event_0: 3696, 3736
new_event_0: 3706, 3746, 3786
new_event_109: 3759, 3799
new_event_0: 4038, 4078, 4118
new_event_0: 4059, 4099
new_event_0: 4029, 4069, 4109, 4149
new_event_110: 4136, 4176
new_event_0: 4196, 4236
new_event_0: 4276, 4316, 4356, 4396
new_event_37: 4631, 4671, 4711
new_event_0: 4598, 4638, 4678
new_event_0: 4587, 4627, 4667, 4707, 4747
new_event_0: 4775, 4815, 4855
new_event_0: 4773, 4813, 4853, 4893
new_event_0: 4913, 4953, 4993
new_event_111: 4929, 4969
new_event_0: 4895, 4935, 4975
new_event_0: 4918, 4958, 4998
new_event_0: 5078, 5118
new_event_0: 5289, 5329, 5369, 5409
new_event_0: 5283, 5323, 5363
new_event_106: 5335, 5375
new_event_111: 5401, 5441
new_event_0: 5640, 5680, 5720
new_event_0: 5752, 5792, 5832, 5872
new_event_0: 5770, 5810, 5850
new_event_0: 5911, 5951, 5991
new_event_0: 5917, 5957, 5997
new_event_0: 5912, 5952, 5992
new_event_0: 6028, 6068, 6108
new_event_0: 6034, 6074, 6114
new_event_0: 6016, 6056, 6096, 6136, 6176
new_event_0: 6230, 6270
new_event_37: 6236, 6276
new_event_109: 6518, 6558
new_event_0: 6654, 6694, 6734, 6774, 6814
new_event_0: 6668, 6708, 6748
new_event_0: 6642, 6682, 6722, 6762
new_event_0: 6966, 7006
new_event_0: 6987, 7027
new_event_0: 6955, 6995, 7035, 7075
new_event_0: 7046, 7086, 7126, 7166, 7206
new_event_0: 7088, 7128, 7168
new_event_0: 7053, 7093, 7133, 7173, 7213, 7253
new_event_0: 7104, 7144, 7184, 7224, 7264
new_event_0: 7293, 7333, 7373
new_event_0: 7282, 7322, 7362, 7402
new_event_112: 7292, 7332, 7372, 7412
new_event_0: 7470, 7510, 7550
new_event_0: 7475, 7515, 7555
new_event_0: 7571, 7611, 7651
new_event_37: 7578, 7618
new_event_0: 7591, 7631, 7671, 7711
new_event_0: 7598, 7638, 7678, 7718
new_event_0: 7764, 7804
new_event_0: 7752, 7792, 7832, 7872
new_event_0: 7914, 7954
new_event_0: 8095, 8135, 8175, 8215
new_event_0: 8102, 8142, 8182
new_event_0: 8107, 8147, 8187
new_event_0: 8256, 8296, 8336
new_event_113: 8398, 8438, 8478
new_event_0: 8410, 8450, 8490
new_event_37: 8532, 8572
new_event_0: 8553, 8593
new_event_0: 8724, 8764, 8804, 8844
new_event_0: 9014, 9054, 9094
new_event_0: 9438, 9478, 9518
new_event_0: 9443, 9483, 9523
new_event_0: 9550, 9590, 9630
new_event_0: 9556, 9596, 9636
new_event_0: 9548, 9588, 9628
new_event_111: 9812, 9852
new_event_0: 8, 48, 88
new_event_114: 30, 70
new_event_0: 32, 72
new_event_0: 37, 77
new_event_0: 156, 196, 236
new_event_0: 183, 223
new_event_0: 185, 225
new_event_0: 187, 227, 267
new_event_0: 296, 336, 376
new_event_0: 302, 342, 382, 422
new_event_0: 310, 350, 390
new_event_0: 357, 397, 437, 477
new_event_0: 281, 321, 361, 401, 441, 481
new_event_0: 323, 363, 403, 443, 483
new_event_0: 367, 407
new_event_0: 374, 414
new_event_0: 385, 425
new_event_0: 460, 500, 540
new_event_0: 503, 543
new_event_0: 469, 509, 549, 589, 629, 669, 709, 749
new_event_0: 532, 572
new_event_0: 525, 565, 605
new_event_0: 580, 620
new_event_0: 587, 627
new_event_115: 619, 659, 699, 739
new_event_0: 585, 625, 665, 705
new_event_0: 577, 617, 657, 697, 737
new_event_0: 644, 684, 724
new_event_0: 609, 649, 689, 729, 769, 809, 849, 889
new_event_0: 772, 812, 852, 892
new_event_0: 787, 827
new_event_0: 867, 907
new_event_0: 1079, 1119, 1159, 1199
new_event_116: 1085, 1125, 1165, 1205
new_event_0: 1235, 1275, 1315
new_event_0: 1225, 1265, 1305
new_event_0: 1297, 1337
new_event_0: 1383, 1423, 1463
new_event_0: 1386, 1426, 1466
new_event_0: 1396, 1436, 1476
new_event_0: 1416, 1456, 1496
new_event_0: 1418, 1458
new_event_0: 1420, 1460
new_event_0: 1393, 1433, 1473
new_event_0: 1521, 1561
new_event_0: 1612, 1652
new_event_117: 1738, 1778
new_event_0: 1798, 1838, 1878
new_event_0: 1802, 1842, 1882
new_event_0: 1804, 1844, 1884, 1924
new_event_0: 1848, 1888, 1928
new_event_0: 1810, 1850, 1890
new_event_0: 1862, 1902
new_event_118: 1866, 1906
new_event_0: 1870, 1910
new_event_0: 1972, 2012, 2052
new_event_0: 1860, 1900, 1940, 1980, 2020, 2060
new_event_0: 1982, 2022, 2062
new_event_0: 1986, 2026, 2066
new_event_0: 1949, 1989, 2029
new_event_0: 1952, 1992, 2032, 2072, 2112
new_event_0: 1965, 2005, 2045
new_event_0: 2007, 2047
new_event_0: 2009, 2049
new_event_0: 1971, 2011, 2051
new_event_0: 1978, 2018, 2058
new_event_0: 2187, 2227
new_event_0: 2202, 2242, 2282
new_event_0: 2260, 2300
new_event_0: 2267, 2307
new_event_0: 2269, 2309, 2349, 2389, 2429, 2469, 2509, 2549
new_event_0: 2320, 2360, 2400
new_event_119: 2530, 2570, 2610, 2650
new_event_0: 2691, 2731
new_event_120: 2719, 2759
new_event_0: 2807, 2847, 2887, 2927, 2967
new_event_0: 2816, 2856, 2896
new_event_0: 2803, 2843, 2883, 2923, 2963
new_event_0: 2876, 2916, 2956
new_event_0: 2800, 2840, 2880, 2920, 2960
new_event_0: 2804, 2844, 2884, 2924, 2964
new_event_0: 2815, 2855, 2895, 2935, 2975
new_event_0: 2902, 2942, 2982
new_event_0: 3006, 3046
new_event_0: 3013, 3053, 3093
new_event_0: 3000, 3040, 3080, 3120, 3160
new_event_0: 3091, 3131, 3171
new_event_0: 3102, 3142
new_event_0: 3125, 3165
new_event_0: 3089, 3129, 3169
new_event_0: 3216, 3256, 3296
new_event_0: 3182, 3222, 3262, 3302
new_event_0: 3189, 3229, 3269, 3309
new_event_0: 3239, 3279
new_event_0: 3352, 3392, 3432
new_event_0: 3398, 3438, 3478, 3518
new_event_0: 3427, 3467, 3507
new_event_0: 3690, 3730, 3770, 3810
new_event_0: 3708, 3748
new_event_0: 3714, 3754, 3794, 3834
new_event_0: 3640, 3680, 3720, 3760, 3800
new_event_0: 3683, 3723, 3763, 3803
new_event_0: 3691, 3731, 3771, 3811
new_event_0: 3694, 3734, 3774, 3814
new_event_0: 4028, 4068, 4108, 4148
new_event_0: 4050, 4090, 4130, 4170
new_event_0: 4031, 4071, 4111, 4151
new_event_0: 4093, 4133
new_event_0: 4076, 4116, 4156
new_event_0: 4043, 4083, 4123, 4163
new_event_0: 4187, 4227
new_event_0: 4199, 4239
new_event_0: 4202, 4242
new_event_0: 4178, 4218, 4258
new_event_0: 4433, 4473
new_event_121: 4539, 4579
new_event_0: 4542, 4582
new_event_0: 4272, 4312, 4352, 4392, 4432, 4472, 4512, 4552, 4592, 4632, 4672, 4712, 4752, 4792, 4832
new_event_0: 4544, 4584, 4624, 4664, 4704, 4744, 4784
new_event_0: 4526, 4566, 4606, 4646, 4686, 4726, 4766, 4806, 4846
new_event_0: 4528, 4568, 4608, 4648, 4688, 4728, 4768, 4808, 4848
new_event_0: 4621, 4661, 4701, 4741, 4781, 4821, 4861, 4901
new_event_0: 4824, 4864, 4904
new_event_0: 4879, 4919, 4959, 4999
new_event_0: 4928, 4968
new_event_0: 4877, 4917, 4957, 4997, 5037
new_event_0: 5080, 5120
new_event_0: 5256, 5296, 5336, 5376
new_event_117: 5400, 5440
new_event_0: 5535, 5575, 5615
new_event_0: 5551, 5591
new_event_0: 5522, 5562, 5602, 5642
new_event_0: 5577, 5617
new_event_0: 5581, 5621
new_event_0: 5587, 5627
new_event_0: 5614, 5654, 5694, 5734, 5774, 5814
new_event_0: 5667, 5707, 5747, 5787
new_event_0: 5645, 5685, 5725, 5765, 5805, 5845
new_event_0: 5750, 5790, 5830, 5870
new_event_0: 5854, 5894, 5934, 5974
new_event_0: 5866, 5906, 5946, 5986
new_event_0: 5904, 5944, 5984
new_event_0: 5910, 5950, 5990
new_event_0: 6019, 6059, 6099
new_event_0: 6025, 6065, 6105
new_event_122: 6086, 6126
new_event_0: 6023, 6063, 6103, 6143, 6183, 6223, 6263
new_event_0: 6150, 6190
new_event_0: 6127, 6167, 6207
new_event_0: 6228, 6268
new_event_0: 6238, 6278
new_event_0: 6429, 6469, 6509, 6549
new_event_0: 6394, 6434, 6474, 6514, 6554, 6594
new_event_0: 6476, 6516, 6556, 6596
new_event_0: 6452, 6492, 6532, 6572, 6612
new_event_0: 6465, 6505, 6545, 6585
new_event_0: 6508, 6548
new_event_0: 6431, 6471, 6511, 6551, 6591
new_event_0: 6443, 6483, 6523, 6563, 6603
new_event_0: 6497, 6537, 6577, 6617
new_event_0: 6664, 6704
new_event_0: 6655, 6695, 6735, 6775, 6815
new_event_0: 6667, 6707, 6747
new_event_0: 6643, 6683, 6723, 6763
new_event_0: 6789, 6829, 6869
new_event_0: 6967, 7007
new_event_0: 6974, 7014
new_event_0: 6986, 7026, 7066
new_event_0: 6998, 7038, 7078
new_event_0: 7092, 7132, 7172
new_event_0: 7119, 7159, 7199, 7239
new_event_123: 7208, 7248
new_event_124: 7427, 7467, 7507, 7547
new_event_0: 7597, 7637
new_event_0: 7596, 7636, 7676, 7716, 7756
new_event_0: 7684, 7724
new_event_0: 7691, 7731, 7771
new_event_0: 7682, 7722, 7762
new_event_0: 7646, 7686, 7726, 7766, 7806, 7846
new_event_0: 7730, 7770, 7810, 7850, 7890
new_event_0: 7917, 7957, 7997
new_event_0: 7988, 8028, 8068
new_event_0: 7990, 8030, 8070
new_event_0: 8000, 8040, 8080
new_event_0: 8114, 8154
new_event_0: 8048, 8088, 8128, 8168
new_event_0: 8100, 8140, 8180
new_event_0: 8260, 8300
new_event_0: 8223, 8263, 8303
new_event_0: 8225, 8265, 8305
new_event_0: 8267, 8307, 8347
new_event_0: 8271, 8311, 8351
new_event_0: 8278, 8318, 8358
new_event_0: 8392, 8432, 8472, 8512
new_event_0: 8409, 8449, 8489
new_event_0: 8405, 8445, 8485
new_event_0: 8533, 8573, 8613, 8653
new_event_0: 8542, 8582, 8622
new_event_0: 8519, 8559, 8599, 8639, 8679
new_event_0: 8614, 8654
new_event_0: 8587, 8627, 8667, 8707, 8747, 8787
new_event_0: 8635, 8675
new_event_0: 8541, 8581, 8621, 8661, 8701, 8741, 8781
new_event_0: 8552, 8592, 8632, 8672, 8712, 8752
new_event_0: 8588, 8628, 8668, 8708, 8748, 8788, 8828, 8868
new_event_0: 8704, 8744, 8784, 8824, 8864, 8904
new_event_0: 8792, 8832, 8872
new_event_0: 8694, 8734, 8774, 8814, 8854
new_event_0: 8885, 8925
new_event_0: 8954, 8994, 9034, 9074, 9114
new_event_0: 8941, 8981, 9021, 9061, 9101, 9141, 9181
new_event_0: 8944, 8984, 9024, 9064
new_event_0: 8949, 8989, 9029, 9069, 9109
new_event_0: 9005, 9045, 9085, 9125, 9165, 9205
new_event_0: 9011, 9051, 9091
new_event_0: 9017, 9057, 9097
new_event_123: 9068, 9108
new_event_0: 9070, 9110
new_event_0: 9076, 9116
new_event_0: 9222, 9262, 9302
new_event_0: 9224, 9264, 9304
new_event_0: 9239, 9279, 9319, 9359
new_event_0: 9242, 9282, 9322, 9362
new_event_0: 9254, 9294, 9334, 9374
new_event_0: 9218, 9258, 9298, 9338, 9378
new_event_0: 9223, 9263, 9303, 9343, 9383
new_event_0: 9232, 9272, 9312, 9352
new_event_125: 9344, 9384
new_event_0: 9461, 9501
new_event_0: 9466, 9506
new_event_0: 9468, 9508
new_event_0: 9437, 9477, 9517
new_event_0: 9444, 9484, 9524
new_event_0: 9448, 9488, 9528
new_event_0: 9464, 9504, 9544, 9584, 9624, 9664
new_event_0: 9565, 9605, 9645
new_event_0: 9820, 9860
new_event_0: 9902, 9942, 9982
new_event_0: 9904, 9944, 9984
new_event_0: 9906, 9946, 9986
new_event_0: 9908, 9948, 9988, 10028, 10068, 10108, 10148, 10188
new_event_118: 10034, 10074
new_event_0: 10046, 10086
new_event_0: 10026, 10066, 10106, 10146
new_event_0: 10124, 10164
new_event_0: 10130, 10170
new_event_0: 10094, 10134, 10174
new_event_123: 10142, 10182
new_event_0: 10189, 10229, 10269
new_event_0: 10210, 10250, 10290
new_event_0: 10214, 10254
new_event_0: 10282, 10322
new_event_126: 39, 79
new_event_127: 309, 349
new_event_0: 868, 908, 948
new_event_0: 1241, 1281, 1321
new_event_128: 1737, 1777
new_event_129: 2188, 2228
new_event_0: 2191, 2231
new_event_0: 2350, 2390, 2430, 2470
new_event_0: 2523, 2563, 2603, 2643
new_event_130: 4885, 4925, 4965
new_event_0: 4914, 4954, 4994, 5034
new_event_0: 5402, 5442
new_event_131: 6018, 6058, 6098, 6138, 6178, 6218, 6258
new_event_132: 6147, 6187
new_event_127: 6231, 6271
new_event_0: 6657, 6697, 6737
new_event_0: 6669, 6709, 6749
new_event_0: 6988, 7028
new_event_0: 7059, 7099, 7139, 7179, 7219, 7259
new_event_0: 7288, 7328, 7368
new_event_133: 7466, 7506, 7546
new_event_134: 7592, 7632, 7672, 7712
new_event_0: 7778, 7818, 7858, 7898, 7938, 7978, 8018
new_event_0: 9552, 9592, 9632
new_event_0: 9567, 9607
new_event_135: 9623, 9663, 9703
new_event_132: 9813, 9853
new_event_0: 9896, 9936
new_event_0: 2, 42, 82
new_event_0: 34, 74
new_event_0: 0, 40, 80
new_event_0: 163, 203, 243
new_event_0: 165, 205, 245, 285
new_event_0: 173, 213, 253
new_event_0: 180, 220
new_event_0: 303, 343
new_event_136: 623, 663
new_event_0: 660, 700, 740
new_event_0: 628, 668, 708, 748
new_event_0: 782, 822
new_event_0: 863, 903, 943
new_event_0: 869, 909, 949
new_event_0: 1086, 1126, 1166, 1206
new_event_137: 1090, 1130, 1170, 1210
new_event_138: 1074, 1114, 1154, 1194, 1234, 1274, 1314, 1354
new_event_139: 1081, 1121, 1161, 1201
new_event_0: 1068, 1108, 1148, 1188, 1228, 1268, 1308
new_event_0: 1406, 1446
new_event_140: 1527, 1567
new_event_0: 1604, 1644
new_event_0: 1602, 1642, 1682
new_event_141: 1732, 1772
new_event_0: 1856, 1896
new_event_142: 2189, 2229
new_event_0: 2201, 2241
new_event_0: 2362, 2402
new_event_143: 2343, 2383, 2423, 2463, 2503, 2543
new_event_0: 2557, 2597, 2637, 2677
new_event_0: 2680, 2720, 2760
new_event_0: 2686, 2726
new_event_0: 2694, 2734
new_event_144: 2702, 2742
new_event_0: 2710, 2750
new_event_0: 3211, 3251, 3291
new_event_0: 3178, 3218, 3258, 3298
new_event_0: 3233, 3273, 3313
new_event_145: 3263, 3303
new_event_0: 3379, 3419, 3459, 3499, 3539, 3579, 3619, 3659
new_event_0: 3458, 3498, 3538, 3578, 3618, 3658
new_event_0: 3470, 3510, 3550, 3590, 3630
new_event_0: 3558, 3598
new_event_0: 3571, 3611
new_event_0: 3685, 3725
new_event_0: 3693, 3733
new_event_0: 3661, 3701, 3741
new_event_0: 4181, 4221
new_event_146: 4189, 4229
new_event_0: 4191, 4231
new_event_0: 4201, 4241
new_event_147: 4273, 4313, 4353, 4393
new_event_0: 4540, 4580, 4620, 4660, 4700
new_event_0: 4762, 4802, 4842
new_event_0: 4543, 4583, 4623, 4663, 4703, 4743, 4783, 4823, 4863
new_event_0: 4509, 4549, 4589, 4629, 4669, 4709, 4749, 4789, 4829, 4869
new_event_0: 4923, 4963
new_event_0: 4930, 4970
new_event_0: 5073, 5113
new_event_0: 5240, 5280, 5320, 5360
new_event_0: 5286, 5326, 5366, 5406
new_event_0: 5330, 5370
new_event_0: 5338, 5378
new_event_0: 5397, 5437, 5477
new_event_142: 5768, 5808, 5848
new_event_0: 5914, 5954, 5994
new_event_0: 6021, 6061, 6101
new_event_0: 6027, 6067, 6107
new_event_0: 6030, 6070, 6110
new_event_0: 6141, 6181
new_event_0: 6149, 6189
new_event_0: 6162, 6202
new_event_0: 6130, 6170, 6210
new_event_0: 6232, 6272
new_event_0: 6428, 6468
new_event_136: 6550, 6590
new_event_0: 6653, 6693, 6733, 6773, 6813
new_event_0: 6670, 6710, 6750
new_event_0: 6784, 6824, 6864
new_event_148: 6956, 6996
new_event_0: 6982, 7022
new_event_0: 6989, 7029, 7069
new_event_0: 6991, 7031, 7071
new_event_149: 7118, 7158
new_event_0: 7047, 7087, 7127, 7167, 7207
new_event_0: 7094, 7134, 7174, 7214, 7254
new_event_0: 7140, 7180
new_event_0: 7198, 7238, 7278, 7318, 7358, 7398
new_event_150: 7275, 7315, 7355, 7395
new_event_142: 7588, 7628, 7668
new_event_0: 7595, 7635, 7675, 7715, 7755, 7795, 7835, 7875
new_event_0: 8098, 8138, 8178, 8218
new_event_0: 8250, 8290
new_event_0: 8321, 8361, 8401, 8441, 8481
new_event_0: 8521, 8561, 8601, 8641, 8681
new_event_0: 8711, 8751
new_event_0: 8703, 8743, 8783, 8823, 8863, 8903
new_event_0: 8821, 8861
new_event_0: 9221, 9261, 9301, 9341, 9381, 9421
new_event_0: 9463, 9503, 9543, 9583
new_event_0: 9434, 9474, 9514
new_event_146: 9439, 9479, 9519
new_event_0: 9553, 9593
new_event_0: 9560, 9600, 9640
new_event_0: 10125, 10165, 10205
new_event_151: 297, 337, 377
new_event_152: 3411, 3451, 3491, 3531
new_event_0: 1398, 1438, 1478
new_event_0: 4534, 4574, 4614, 4654, 4694, 4734, 4774
new_event_0: 7056, 7096, 7136, 7176, 7216, 7256
new_event_0: 7658, 7698
new_event_0: 8945, 8985, 9025, 9065, 9105, 9145, 9185
new_event_153: 10099, 10139
new_event_0: 9913, 9953, 9993, 10033, 10073, 10113, 10153, 10193, 10233
new_event_0: 7659, 7699
new_event_154: 9231, 9271, 9311, 9351
new_event_0: 9234, 9274, 9314, 9354
new_event_155: 383, 423
new_event_156: 512, 552, 592, 632
new_event_0: 3230, 3270, 3310
new_event_0: 5572, 5612, 5652, 5692, 5732
new_event_157: 7677, 7717
new_event_0: 7589, 7629, 7669, 7709, 7749, 7789, 7829, 7869
new_event_0: 8527, 8567, 8607, 8647, 8687, 8727
new_event_158: 8616, 8656
new_event_159: 9237, 9277, 9317, 9357
new_event_160: 666, 706
new_event_0: 1080, 1120, 1160, 1200, 1240, 1280, 1320, 1360
new_event_0: 1395, 1435
new_event_161: 1524, 1564
new_event_0: 1855, 1895
new_event_162: 1979, 2019
new_event_163: 2358, 2398
new_event_0: 2494, 2534, 2574, 2614, 2654
new_event_0: 2859, 2899
new_event_164: 3675, 3715, 3755
new_event_0: 3638, 3678, 3718, 3758, 3798
new_event_0: 4278, 4318, 4358, 4398, 4438
new_event_0: 4886, 4926, 4966, 5006
new_event_0: 5900, 5940, 5980
new_event_0: 7085, 7125, 7165, 7205, 7245, 7285
new_event_0: 7654, 7694, 7734
new_event_0: 7660, 7700
new_event_0: 7590, 7630, 7670, 7710, 7750, 7790, 7830
new_event_0: 7704, 7744, 7784, 7824, 7864
new_event_0: 8550, 8590, 8630, 8670
new_event_0: 8633, 8673, 8713, 8753, 8793, 8833, 8873
new_event_0: 9233, 9273, 9313, 9353
new_event_0: 9275, 9315, 9355
new_event_0: 10031, 10071, 10111, 10151, 10191, 10231, 10271
new_event_165: 1523, 1563
new_event_0: 4586, 4626, 4666, 4706, 4746, 4786, 4826, 4866
new_event_166: 5756, 5796, 5836, 5876
new_event_0: 9454, 9494, 9534, 9574, 9614, 9654
new_event_0: 9912, 9952, 9992, 10032, 10072, 10112, 10152, 10192, 10232
new_event_0: 9900, 9940, 9980, 10020, 10060, 10100, 10140, 10180, 10220, 10260, 10300
new_event_167: 10057, 10097, 10137, 10177
new_event_0: 9995, 10035, 10075, 10115, 10155, 10195, 10235, 10275, 10315
new_event_168: 381, 421
new_event_0: 3374, 3414, 3454, 3494, 3534, 3574, 3614
new_event_169: 4046, 4086, 4126, 4166
new_event_0: 4880, 4920, 4960, 5000, 5040
new_event_0: 5539, 5579, 5619, 5659, 5699, 5739, 5779, 5819
new_event_0: 4, 44, 84
new_event_0: 170, 210
new_event_0: 154, 194, 234
new_event_0: 584, 624, 664, 704, 744
new_event_170: 781, 821
new_event_0: 1518, 1558
new_event_0: 1534, 1574
new_event_0: 1540, 1580, 1620, 1660
new_event_0: 1605, 1645, 1685
new_event_171: 1742, 1782
new_event_0: 2193, 2233
new_event_0: 2199, 2239, 2279
new_event_0: 2095, 2135, 2175, 2215, 2255, 2295
new_event_172: 2688, 2728
new_event_173: 2704, 2744
new_event_0: 2706, 2746
new_event_0: 2678, 2718, 2758
new_event_0: 2939, 2979
new_event_0: 3235, 3275, 3315
new_event_0: 3429, 3469, 3509, 3549, 3589, 3629
new_event_174: 3561, 3601
new_event_0: 4193, 4233
new_event_175: 4206, 4246
new_event_0: 4209, 4249
new_event_0: 4283, 4323, 4363, 4403, 4443
new_event_0: 4633, 4673, 4713, 4753
new_event_176: 4934, 4974
new_event_0: 5241, 5281, 5321, 5361
new_event_0: 5291, 5331, 5371, 5411
new_event_0: 5916, 5956, 5996
new_event_0: 6037, 6077, 6117
new_event_0: 6042, 6082, 6122
new_event_0: 6014, 6054, 6094, 6134, 6174, 6214, 6254
new_event_0: 6145, 6185
new_event_0: 6151, 6191
new_event_177: 6237, 6277
new_event_0: 6675, 6715
new_event_0: 6674, 6714, 6754
new_event_0: 6658, 6698, 6738, 6778, 6818, 6858
new_event_0: 6997, 7037, 7077
new_event_47: 7137, 7177
new_event_0: 7108, 7148, 7188, 7228, 7268
new_event_0: 7331, 7371, 7411
new_event_0: 7593, 7633, 7673, 7713, 7753, 7793, 7833, 7873
new_event_0: 7692, 7732, 7772, 7812, 7852, 7892, 7932, 7972
new_event_0: 7904, 7944
new_event_0: 7925, 7965
new_event_61: 7930, 7970
new_event_0: 8104, 8144
new_event_0: 8108, 8148
new_event_0: 8520, 8560, 8600, 8640, 8680
new_event_0: 8696, 8736, 8776, 8816
new_event_0: 9441, 9481, 9521
new_event_0: 9462, 9502, 9542, 9582, 9622, 9662, 9702
new_event_0: 9557, 9597, 9637
new_event_178: 9816, 9856
new_event_0: 9893, 9933
new_event_0: 10285, 10325
new_event_0: 6, 46, 86
new_event_0: 511, 551, 591, 631, 671, 711
new_event_0: 646, 686, 726
new_event_0: 814, 854, 894
new_event_179: 1069, 1109, 1149, 1189, 1229, 1269, 1309, 1349
new_event_0: 1078, 1118, 1158, 1198, 1238, 1278, 1318, 1358
new_event_0: 1246, 1286, 1326
new_event_180: 1429, 1469
new_event_0: 1502, 1542, 1582
new_event_0: 1499, 1539, 1579
new_event_0: 1513, 1553, 1593, 1633, 1673, 1713
new_event_0: 1724, 1764
new_event_181: 1741, 1781
new_event_0: 1962, 2002
new_event_0: 2174, 2214, 2254
new_event_0: 2248, 2288
new_event_0: 2263, 2303
new_event_182: 2367, 2407
new_event_0: 2676, 2716, 2756
new_event_0: 2998, 3038, 3078, 3118, 3158
new_event_0: 3237, 3277, 3317
new_event_0: 3376, 3416
new_event_0: 3380, 3420, 3460, 3500, 3540, 3580, 3620
new_event_0: 3353, 3393, 3433, 3473, 3513, 3553
new_event_0: 3472, 3512
new_event_0: 3410, 3450, 3490, 3530, 3570, 3610
new_event_0: 3591, 3631
new_event_0: 3679, 3719
new_event_0: 3697, 3737, 3777
new_event_183: 3776, 3816
new_event_0: 3818, 3858
new_event_0: 3876, 3916, 3956
new_event_0: 4506, 4546
new_event_184: 4556, 4596
new_event_0: 4637, 4677, 4717, 4757, 4797, 4837
new_event_0: 4933, 4973
new_event_0: 4946, 4986, 5026
new_event_0: 5262, 5302
new_event_0: 5342, 5382
new_event_0: 5403, 5443, 5483
new_event_0: 5543, 5583, 5623, 5663, 5703, 5743, 5783, 5823, 5863
new_event_185: 5660, 5700, 5740, 5780
new_event_0: 5553, 5593, 5633, 5673, 5713, 5753, 5793, 5833, 5873
new_event_0: 5920, 5960, 6000
new_event_0: 6132, 6172
new_event_0: 6152, 6192
new_event_0: 6139, 6179, 6219, 6259
new_event_0: 6235, 6275
new_event_0: 6661, 6701, 6741, 6781, 6821
new_event_0: 6777, 6817, 6857
new_event_0: 6976, 7016
new_event_0: 6994, 7034, 7074
new_event_186: 7110, 7150, 7190
new_event_0: 7703, 7743, 7783, 7823, 7863, 7903, 7943
new_event_0: 7760, 7800, 7840, 7880
new_event_0: 7740, 7780, 7820, 7860, 7900, 7940, 7980, 8020, 8060
new_event_0: 7842, 7882
new_event_187: 7952, 7992, 8032, 8072
new_event_0: 8110, 8150
new_event_0: 8121, 8161, 8201
new_event_0: 8412, 8452, 8492
new_event_0: 8522, 8562, 8602, 8642, 8682
new_event_102: 8715, 8755, 8795, 8835, 8875
new_event_0: 8546, 8586, 8626, 8666, 8706, 8746, 8786, 8826, 8866, 8906
new_event_183: 9080, 9120
new_event_186: 9430, 9470, 9510
new_event_0: 9460, 9500, 9540, 9580, 9620, 9660, 9700
new_event_0: 9800, 9840
new_event_0: 9819, 9859
new_event_0: 9924, 9964
new_event_0: 10063, 10103
new_event_0: 10003, 10043, 10083, 10123, 10163, 10203, 10243, 10283, 10323
new_event_0: 10284, 10324
new_event_0: 9, 49, 89
new_event_188: 21, 61, 101
new_event_0: 16, 56, 96
new_event_0: 294, 334
new_event_0: 521, 561
new_event_0: 518, 558, 598, 638, 678, 718
new_event_0: 680, 720, 760, 800, 840
new_event_0: 634, 674, 714, 754, 794, 834, 874, 914, 954, 994
new_event_0: 1002, 1042
new_event_189: 1226, 1266
new_event_0: 1259, 1299, 1339
new_event_0: 1503, 1543
new_event_0: 1538, 1578
new_event_0: 1501, 1541, 1581, 1621, 1661, 1701
new_event_190: 1583, 1623, 1663, 1703
new_event_0: 1630, 1670, 1710
new_event_191: 1797, 1837
new_event_0: 1948, 1988
new_event_192: 2028, 2068
new_event_0: 2101, 2141
new_event_0: 2106, 2146
new_event_0: 2169, 2209
new_event_0: 2091, 2131, 2171, 2211, 2251, 2291
new_event_0: 2331, 2371
new_event_0: 2877, 2917, 2957, 2997, 3037, 3077, 3117, 3157
new_event_0: 3203, 3243
new_event_0: 3240, 3280
new_event_0: 3350, 3390
new_event_0: 3375, 3415
new_event_0: 3381, 3421, 3461, 3501, 3541, 3581, 3621
new_event_0: 3351, 3391, 3431, 3471, 3511
new_event_0: 3408, 3448, 3488, 3528, 3568
new_event_0: 3877, 3917, 3957
new_event_193: 3850, 3890, 3930, 3970
new_event_0: 3856, 3896, 3936
new_event_0: 3883, 3923, 3963
new_event_0: 4289, 4329
new_event_194: 4407, 4447
new_event_0: 4850, 4890
new_event_0: 4936, 4976
new_event_0: 4961, 5001
new_event_0: 4979, 5019, 5059
new_event_0: 5097, 5137, 5177, 5217
new_event_195: 5160, 5200
new_event_0: 5142, 5182, 5222
new_event_0: 5414, 5454
new_event_0: 5416, 5456
new_event_0: 5639, 5679, 5719, 5759, 5799, 5839, 5879
new_event_196: 5885, 5925, 5965, 6005
new_event_0: 6038, 6078
new_event_0: 6033, 6073, 6113, 6153, 6193
new_event_0: 6009, 6049, 6089, 6129, 6169, 6209, 6249
new_event_0: 6156, 6196
new_event_0: 6216, 6256
new_event_0: 6296, 6336, 6376
new_event_197: 6347, 6387
new_event_0: 6672, 6712, 6752, 6792, 6832, 6872
new_event_0: 6804, 6844, 6884
new_event_197: 7298, 7338
new_event_0: 7444, 7484, 7524
new_event_0: 7867, 7907, 7947, 7987, 8027, 8067
new_event_0: 8013, 8053, 8093, 8133, 8173
new_event_0: 8112, 8152
new_event_0: 8120, 8160
new_event_0: 8323, 8363, 8403
new_event_0: 8529, 8569, 8609, 8649, 8689, 8729, 8769, 8809, 8849, 8889, 8929
new_event_0: 8525, 8565, 8605, 8645, 8685, 8725, 8765, 8805, 8845
new_event_0: 8415, 8455, 8495, 8535, 8575, 8615, 8655, 8695, 8735, 8775, 8815, 8855
new_event_0: 8827, 8867, 8907
new_event_0: 8939, 8979
new_event_0: 8942, 8982, 9022, 9062, 9102
new_event_0: 9162, 9202
new_event_0: 9212, 9252, 9292, 9332
new_event_0: 9388, 9428
new_event_0: 9498, 9538, 9578, 9618, 9658
new_event_0: 9797, 9837
new_event_197: 9821, 9861
new_event_0: 9810, 9850, 9890, 9930
new_event_0: 10016, 10056, 10096, 10136, 10176, 10216, 10256, 10296
new_event_0: 10224, 10264, 10304
new_event_0: 10, 50, 90
new_event_0: 28, 68, 108
new_event_0: 515, 555, 595, 635, 675, 715
new_event_0: 613, 653, 693, 733
new_event_198: 703, 743
new_event_199: 788, 828
new_event_200: 790, 830
new_event_0: 776, 816, 856, 896
new_event_0: 862, 902, 942
new_event_0: 1071, 1111, 1151, 1191, 1231, 1271
new_event_0: 1073, 1113, 1153, 1193, 1233, 1273, 1313
new_event_0: 1374, 1414
new_event_0: 1390, 1430
new_event_201: 1432, 1472
new_event_0: 1441, 1481
new_event_202: 1530, 1570
new_event_203: 1517, 1557, 1597, 1637, 1677, 1717
new_event_0: 1689, 1729, 1769
new_event_0: 2363, 2403
new_event_0: 2502, 2542, 2582, 2622, 2662
new_event_0: 2692, 2732
new_event_0: 2790, 2830, 2870, 2910
new_event_0: 2834, 2874, 2914, 2954, 2994, 3034, 3074, 3114
new_event_0: 3004, 3044, 3084, 3124, 3164
new_event_0: 3212, 3252, 3292
new_event_0: 3242, 3282
new_event_0: 3384, 3424, 3464, 3504, 3544, 3584, 3624
new_event_0: 3360, 3400, 3440, 3480, 3520, 3560, 3600
new_event_0: 3750, 3790, 3830
new_event_0: 3825, 3865
new_event_0: 3884, 3924, 3964
new_event_204: 4135, 4175
new_event_0: 4198, 4238
new_event_0: 4533, 4573, 4613, 4653, 4693, 4733
new_event_0: 4532, 4572, 4612, 4652, 4692, 4732, 4772, 4812
new_event_0: 4525, 4565, 4605, 4645, 4685, 4725, 4765, 4805, 4845
new_event_0: 4619, 4659, 4699, 4739
new_event_0: 4740, 4780
new_event_0: 5081, 5121
new_event_205: 5093, 5133, 5173, 5213
new_event_0: 5306, 5346, 5386, 5426
new_event_0: 5405, 5445, 5485
new_event_0: 5524, 5564
new_event_0: 5521, 5561, 5601, 5641, 5681, 5721
new_event_0: 5538, 5578, 5618, 5658, 5698, 5738, 5778, 5818
new_event_0: 5643, 5683, 5723, 5763, 5803, 5843, 5883, 5923
new_event_0: 5856, 5896, 5936, 5976
new_event_0: 6024, 6064, 6104, 6144, 6184
new_event_0: 6017, 6057, 6097, 6137, 6177, 6217, 6257
new_event_0: 6155, 6195
new_event_0: 6022, 6062, 6102, 6142, 6182, 6222, 6262
new_event_0: 6225, 6265
new_event_0: 6368, 6408, 6448, 6488, 6528, 6568
new_event_0: 6787, 6827
new_event_0: 6983, 7023
new_event_0: 7112, 7152, 7192
new_event_0: 7649, 7689, 7729, 7769, 7809, 7849, 7889
new_event_0: 7647, 7687, 7727, 7767, 7807, 7847
new_event_0: 7788, 7828
new_event_0: 7763, 7803, 7843, 7883, 7923, 7963
new_event_0: 7622, 7662, 7702, 7742, 7782, 7822, 7862, 7902
new_event_206: 7776, 7816, 7856, 7896, 7936, 7976
new_event_0: 7648, 7688, 7728, 7768, 7808, 7848, 7888, 7928, 7968
new_event_0: 7916, 7956
new_event_0: 7994, 8034, 8074
new_event_207: 8021, 8061
new_event_0: 8116, 8156
new_event_0: 8047, 8087, 8127, 8167, 8207
new_event_0: 8554, 8594, 8634, 8674, 8714, 8754, 8794, 8834, 8874
new_event_0: 8518, 8558, 8598, 8638, 8678, 8718, 8758, 8798, 8838
new_event_0: 8619, 8659, 8699, 8739, 8779, 8819, 8859, 8899
new_event_0: 8662, 8702, 8742, 8782, 8822, 8862, 8902
new_event_0: 8720, 8760, 8800, 8840
new_event_0: 8884, 8924
new_event_0: 8951, 8991, 9031, 9071, 9111
new_event_0: 9001, 9041, 9081, 9121
new_event_67: 9086, 9126
new_event_0: 9248, 9288, 9328, 9368, 9408
new_event_208: 9345, 9385
new_event_0: 9561, 9601, 9641
new_event_202: 9806, 9846
new_event_209: 9823, 9863
new_event_210: 10217, 10257
new_event_0: 10286, 10326
new_event_0: 11, 51, 91
new_event_211: 15, 55, 95
new_event_164: 22, 62, 102
new_event_0: 384, 424, 464, 504, 544
new_event_0: 601, 641, 681, 721, 761, 801, 841, 881
new_event_0: 559, 599, 639, 679, 719, 759, 799, 839, 879
new_event_0: 921, 961
new_event_0: 928, 968
new_event_0: 1003, 1043
new_event_0: 1004, 1044
new_event_0: 1089, 1129, 1169, 1209, 1249, 1289
new_event_0: 1055, 1095, 1135, 1175, 1215, 1255, 1295
new_event_212: 1251, 1291, 1331, 1371, 1411, 1451, 1491
new_event_0: 1248, 1288, 1328, 1368, 1408, 1448, 1488, 1528, 1568
new_event_213: 1529, 1569, 1609, 1649
new_event_0: 1817, 1857, 1897, 1937, 1977, 2017, 2057
new_event_214: 2031, 2071, 2111, 2151
new_event_0: 2040, 2080, 2120, 2160
new_event_0: 2104, 2144
new_event_0: 2105, 2145
new_event_0: 2109, 2149
new_event_0: 2236, 2276, 2316
new_event_0: 2270, 2310
new_event_0: 2278, 2318
new_event_0: 2329, 2369, 2409, 2449
new_event_0: 3008, 3048
new_event_215: 3010, 3050
new_event_0: 2995, 3035, 3075, 3115, 3155
new_event_216: 3153, 3193
new_event_0: 2945, 2985, 3025, 3065, 3105, 3145, 3185, 3225, 3265, 3305
new_event_0: 3241, 3281
new_event_0: 3209, 3249, 3289
new_event_217: 3348, 3388
new_event_0: 3355, 3395, 3435, 3475, 3515, 3555, 3595, 3635
new_event_0: 3407, 3447, 3487, 3527, 3567, 3607, 3647
new_event_0: 3383, 3423, 3463, 3503, 3543, 3583, 3623, 3663, 3703, 3743
new_event_59: 3845, 3885, 3925, 3965
new_event_0: 3891, 3931, 3971
new_event_0: 3910, 3950
new_event_0: 4180, 4220, 4260, 4300, 4340, 4380
new_event_0: 4277, 4317, 4357, 4397, 4437, 4477
new_event_0: 4408, 4448
new_event_0: 4643, 4683
new_event_0: 4569, 4609, 4649, 4689, 4729, 4769, 4809, 4849
new_event_218: 4938, 4978
new_event_0: 5018, 5058
new_event_0: 5126, 5166
new_event_219: 5158, 5198, 5238
new_event_0: 5141, 5181, 5221
new_event_0: 5250, 5290
new_event_0: 5255, 5295
new_event_0: 5417, 5457
new_event_0: 5432, 5472
new_event_0: 5670, 5710
new_event_0: 5589, 5629, 5669, 5709, 5749, 5789, 5829, 5869
new_event_0: 5922, 5962, 6002
new_event_0: 5919, 5959, 5999
new_event_0: 6032, 6072
new_event_0: 6118, 6158, 6198
new_event_0: 6299, 6339, 6379
new_event_0: 6306, 6346, 6386
new_event_0: 6334, 6374, 6414
new_event_0: 6335, 6375, 6415
new_event_0: 6312, 6352, 6392
new_event_0: 6365, 6405, 6445, 6485, 6525, 6565
new_event_0: 6447, 6487, 6527, 6567
new_event_0: 6673, 6713, 6753, 6793, 6833, 6873
new_event_0: 6794, 6834
new_event_0: 6803, 6843, 6883
new_event_0: 6865, 6905
new_event_0: 6875, 6915
new_event_0: 7109, 7149, 7189, 7229, 7269
new_event_0: 7201, 7241, 7281, 7321, 7361, 7401
new_event_0: 7299, 7339
new_event_0: 7496, 7536, 7576, 7616
new_event_0: 7739, 7779, 7819, 7859, 7899, 7939, 7979, 8019
new_event_0: 7746, 7786, 7826, 7866, 7906, 7946, 7986, 8026, 8066
new_event_0: 7915, 7955, 7995, 8035, 8075
new_event_0: 7993, 8033, 8073
new_event_0: 8010, 8050, 8090, 8130, 8170
new_event_0: 8163, 8203
new_event_220: 8413, 8453
new_event_221: 8953, 8993
new_event_221: 9004, 9044
new_event_0: 9142, 9182
new_event_0: 9157, 9197
new_event_0: 9209, 9249, 9289
new_event_222: 9321, 9361
new_event_0: 9457, 9497, 9537, 9577, 9617, 9657
new_event_0: 9564, 9604, 9644, 9684
new_event_0: 9643, 9683
new_event_0: 9672, 9712
new_event_0: 9796, 9836
new_event_218: 9824, 9864
new_event_221: 9830, 9870
new_event_0: 9808, 9848, 9888, 9928, 9968
new_event_0: 9975, 10015, 10055, 10095, 10135, 10175, 10215, 10255, 10295
new_event_220: 10273, 10313
new_event_0: 14, 54, 94
new_event_0: 18, 58, 98
new_event_223: 277, 317
new_event_224: 430, 470
new_event_225: 685, 725, 765, 805, 845
new_event_0: 860, 900, 940
new_event_0: 915, 955, 995
new_event_0: 1008, 1048
new_event_0: 1060, 1100, 1140, 1180, 1220, 1260, 1300
new_event_0: 1092, 1132, 1172, 1212, 1252, 1292, 1332
new_event_0: 1258, 1298
new_event_226: 1455, 1495
new_event_0: 1536, 1576, 1616, 1656, 1696
new_event_0: 1505, 1545, 1585, 1625, 1665, 1705
new_event_227: 1793, 1833
new_event_0: 1951, 1991
new_event_0: 1950, 1990, 2030, 2070, 2110, 2150
new_event_0: 2043, 2083, 2123
new_event_0: 2102, 2142
new_event_0: 2168, 2208
new_event_0: 2090, 2130, 2170, 2210, 2250, 2290
new_event_0: 2180, 2220
new_event_0: 2330, 2370, 2410
new_event_0: 2334, 2374, 2414
new_event_0: 2515, 2555, 2595, 2635, 2675
new_event_0: 2577, 2617, 2657, 2697, 2737
new_event_0: 2857, 2897, 2937, 2977, 3017, 3057, 3097, 3137, 3177
new_event_0: 2950, 2990, 3030, 3070, 3110
new_event_0: 3001, 3041, 3081, 3121, 3161
new_event_0: 2828, 2868, 2908, 2948, 2988, 3028, 3068, 3108, 3148
new_event_0: 3208, 3248
new_event_0: 3378, 3418
new_event_0: 3396, 3436, 3476, 3516, 3556, 3596
new_event_0: 3372, 3412, 3452, 3492, 3532, 3572, 3612
new_event_0: 3642, 3682, 3722
new_event_0: 3795, 3835
new_event_0: 3827, 3867
new_event_228: 3893, 3933, 3973
new_event_0: 3886, 3926, 3966
new_event_0: 4188, 4228, 4268, 4308, 4348, 4388, 4428
new_event_0: 4468, 4508, 4548, 4588, 4628, 4668, 4708, 4748, 4788, 4828, 4868, 4908
new_event_0: 4530, 4570, 4610, 4650, 4690, 4730, 4770, 4810
new_event_0: 4496, 4536, 4576, 4616, 4656, 4696, 4736, 4776, 4816, 4856, 4896
new_event_0: 4720, 4760, 4800, 4840
new_event_0: 5022, 5062
new_event_0: 5095, 5135
new_event_0: 5131, 5171, 5211
new_event_0: 5124, 5164, 5204
new_event_229: 5174, 5214
new_event_0: 5145, 5185, 5225, 5265, 5305, 5345, 5385
new_event_0: 5258, 5298
new_event_230: 5415, 5455
new_event_98: 5421, 5461
new_event_231: 5449, 5489
new_event_0: 5554, 5594, 5634, 5674, 5714, 5754
new_event_0: 5696, 5736, 5776, 5816
new_event_0: 5662, 5702, 5742, 5782, 5822, 5862
new_event_0: 5573, 5613, 5653, 5693, 5733, 5773, 5813, 5853, 5893, 5933, 5973
new_event_0: 6039, 6079, 6119, 6159, 6199, 6239
new_event_0: 6224, 6264
new_event_0: 6353, 6393
new_event_0: 6451, 6491, 6531, 6571, 6611
new_event_0: 6463, 6503, 6543, 6583
new_event_0: 6649, 6689, 6729, 6769
new_event_232: 6809, 6849
new_event_0: 6779, 6819, 6859
new_event_0: 6850, 6890
new_event_0: 7036, 7076
new_event_233: 7232, 7272
new_event_0: 7481, 7521, 7561, 7601
new_event_234: 7942, 7982
new_event_0: 7791, 7831, 7871, 7911, 7951, 7991, 8031, 8071
new_event_0: 7919, 7959, 7999, 8039, 8079
new_event_0: 8037, 8077
new_event_0: 8117, 8157
new_event_235: 8328, 8368
new_event_0: 8338, 8378, 8418, 8458, 8498
new_event_0: 8387, 8427, 8467, 8507
new_event_0: 8419, 8459, 8499, 8539, 8579
new_event_236: 8570, 8610, 8650, 8690, 8730, 8770, 8810, 8850, 8890, 8930
new_event_0: 8700, 8740, 8780, 8820, 8860, 8900
new_event_98: 8894, 8934
new_event_0: 8947, 8987, 9027, 9067, 9107
new_event_0: 9453, 9493, 9533, 9573, 9613, 9653, 9693
new_event_0: 9694, 9734
new_event_0: 9829, 9869
new_event_0: 9815, 9855, 9895, 9935
new_event_0: 10013, 10053, 10093, 10133, 10173, 10213, 10253, 10293
new_event_237: 19, 59, 99
new_event_0: 169, 209, 249, 289, 329, 369, 409, 449
new_event_0: 1056, 1096, 1136, 1176, 1216, 1256, 1296, 1336, 1376
new_event_0: 1608, 1648, 1688, 1728, 1768
new_event_0: 2858, 2898, 2938, 2978, 3018, 3058, 3098, 3138
new_event_238: 3445, 3485, 3525, 3565, 3605, 3645
new_event_0: 5890, 5930, 5970, 6010, 6050, 6090
new_event_0: 6041, 6081, 6121, 6161, 6201, 6241
new_event_239: 6757, 6797, 6837, 6877
new_event_0: 8389, 8429, 8469, 8509, 8549, 8589, 8629, 8669, 8709, 8749, 8789, 8829, 8869
new_event_240: 8722, 8762, 8802, 8842, 8882, 8922
new_event_0: 8767, 8807, 8847, 8887, 8927
new_event_0: 9455, 9495, 9535, 9575, 9615, 9655, 9695
new_event_241: 9834, 9874
new_event_0: 160, 200, 240, 280, 320, 360, 400, 440
new_event_242: 433, 473
new_event_0: 859, 899, 939
new_event_0: 924, 964
new_event_0: 931, 971
new_event_243: 1061, 1101, 1141, 1181, 1221, 1261, 1301, 1341
new_event_244: 1440, 1480, 1520, 1560
new_event_245: 1253, 1293, 1333, 1373, 1413, 1453, 1493, 1533, 1573, 1613, 1653, 1693, 1733
new_event_0: 1506, 1546, 1586, 1626, 1666, 1706
new_event_0: 1515, 1555, 1595, 1635, 1675, 1715
new_event_0: 1535, 1575, 1615, 1655, 1695, 1735
new_event_0: 1504, 1544, 1584, 1624, 1664, 1704
new_event_246: 1891, 1931
new_event_0: 2100, 2140
new_event_0: 2085, 2125, 2165
new_event_0: 2266, 2306, 2346, 2386, 2426, 2466
new_event_0: 2271, 2311, 2351, 2391, 2431
new_event_0: 2495, 2535, 2575, 2615, 2655, 2695, 2735
new_event_0: 2581, 2621, 2661, 2701, 2741
new_event_0: 2824, 2864, 2904, 2944, 2984, 3024, 3064, 3104, 3144, 3184
new_event_247: 3020, 3060, 3100, 3140, 3180, 3220, 3260, 3300
new_event_0: 3365, 3405
new_event_0: 3446, 3486, 3526, 3566
new_event_248: 3801, 3841
new_event_0: 3852, 3892, 3932
new_event_0: 3857, 3897, 3937
new_event_0: 3862, 3902
new_event_0: 4217, 4257, 4297, 4337, 4377
new_event_249: 4183, 4223, 4263, 4303, 4343, 4383
new_event_0: 4267, 4307, 4347, 4387, 4427, 4467
new_event_0: 4275, 4315, 4355, 4395, 4435, 4475
new_event_0: 4351, 4391, 4431, 4471, 4511, 4551, 4591
new_event_0: 4274, 4314, 4354, 4394, 4434, 4474, 4514, 4554, 4594, 4634, 4674, 4714, 4754
new_event_0: 4578, 4618, 4658, 4698, 4738, 4778, 4818, 4858, 4898
new_event_0: 4617, 4657, 4697, 4737, 4777, 4817, 4857, 4897, 4937, 4977
new_event_0: 4951, 4991, 5031
new_event_250: 5005, 5045
new_event_0: 5127, 5167, 5207
new_event_0: 5278, 5318, 5358, 5398, 5438
new_event_0: 5424, 5464
new_event_251: 5434, 5474
new_event_0: 5555, 5595, 5635, 5675, 5715, 5755
new_event_0: 5558, 5598, 5638, 5678, 5718, 5758, 5798, 5838, 5878
new_event_0: 5661, 5701, 5741, 5781, 5821, 5861, 5901, 5941, 5981
new_event_0: 5567, 5607, 5647, 5687, 5727, 5767, 5807, 5847, 5887, 5927, 5967, 6007
new_event_0: 6315, 6355, 6395
new_event_0: 6333, 6373
new_event_0: 6358, 6398, 6438
new_event_0: 6650, 6690, 6730, 6770, 6810
new_event_0: 6816, 6856
new_event_0: 6796, 6836, 6876
new_event_251: 7061, 7101
new_event_0: 7049, 7089, 7129, 7169, 7209, 7249, 7289, 7329, 7369, 7409
new_event_0: 7105, 7145, 7185, 7225, 7265, 7305, 7345, 7385, 7425
new_event_0: 7274, 7314, 7354, 7394, 7434
new_event_0: 7340, 7380, 7420, 7460, 7500, 7540, 7580, 7620
new_event_252: 7440, 7480
new_event_0: 7482, 7522, 7562, 7602, 7642
new_event_0: 8118, 8158
new_event_0: 8291, 8331, 8371
new_event_0: 8276, 8316, 8356, 8396, 8436, 8476
new_event_0: 8612, 8652, 8692, 8732, 8772, 8812
new_event_0: 8531, 8571, 8611, 8651, 8691, 8731, 8771, 8811, 8851, 8891, 8931
new_event_0: 9007, 9047, 9087, 9127, 9167, 9207, 9247, 9287
new_event_0: 9160, 9200
new_event_0: 9217, 9257, 9297, 9337
new_event_0: 9459, 9499, 9539, 9579, 9619, 9659, 9699
new_event_0: 9449, 9489, 9529, 9569, 9609, 9649, 9689
new_event_0: 9676, 9716
new_event_0: 9791, 9831, 9871
new_event_0: 9799, 9839, 9879
new_event_0: 9798, 9838, 9878
new_event_0: 9881, 9921, 9961, 10001, 10041, 10081, 10121, 10161, 10201, 10241, 10281, 10321
new_event_0: 10132, 10172, 10212, 10252, 10292
new_event_0: 10159, 10199, 10239, 10279, 10319
new_event_0: 3369, 3409, 3449, 3489, 3529, 3569, 3609, 3649
new_event_0: 4207, 4247, 4287, 4327, 4367
new_event_0: 4222, 4262, 4302, 4342, 4382
new_event_0: 6043, 6083, 6123, 6163, 6203
new_event_0: 8297, 8337, 8377, 8417, 8457, 8497, 8537, 8577, 8617, 8657, 8697, 8737, 8777, 8817, 8857
new_event_0: 8341, 8381, 8421, 8461, 8501
new_event_0: 8391, 8431, 8471, 8511, 8551, 8591, 8631, 8671
new_event_0: 8526, 8566, 8606, 8646, 8686, 8726, 8766, 8806, 8846, 8886, 8926
new_event_0: 8408, 8448, 8488, 8528, 8568, 8608, 8648, 8688, 8728, 8768, 8808, 8848, 8888, 8928
new_event_0: 9496, 9536, 9576, 9616, 9656
new_event_0: 9566, 9606, 9646, 9686
new_event_0: 9769, 9809, 9849, 9889, 9929, 9969, 10009, 10049, 10089, 10129, 10169
new_event_253: 603, 643, 683, 723, 763
new_event_0: 792, 832, 872, 912, 952
new_event_0: 870, 910, 950, 990
new_event_0: 873, 913, 953, 993
new_event_0: 919, 959
new_event_0: 1001, 1041
new_event_254: 1306, 1346
new_event_255: 1394, 1434, 1474, 1514, 1554, 1594, 1634, 1674, 1714, 1754
new_event_0: 1372, 1412, 1452, 1492, 1532, 1572
new_event_0: 1744, 1784, 1824, 1864, 1904, 1944
new_event_0: 1873, 1913, 1953, 1993, 2033, 2073
new_event_0: 1957, 1997, 2037, 2077, 2117, 2157
new_event_0: 2108, 2148
new_event_0: 2181, 2221, 2261, 2301, 2341, 2381, 2421, 2461, 2501, 2541
new_event_0: 2178, 2218, 2258, 2298, 2338, 2378, 2418
new_event_0: 2496, 2536, 2576, 2616, 2656
new_event_0: 2507, 2547, 2587, 2627, 2667
new_event_0: 2550, 2590, 2630, 2670
new_event_256: 3150, 3190
new_event_0: 3382, 3422, 3462, 3502, 3542, 3582, 3622
new_event_257: 3636, 3676, 3716, 3756
new_event_0: 3878, 3918
new_event_0: 4179, 4219, 4259, 4299, 4339
new_event_258: 4415, 4455
new_event_0: 4519, 4559, 4599, 4639, 4679
new_event_259: 4941, 4981, 5021, 5061
new_event_0: 5328, 5368, 5408, 5448
new_event_260: 5419, 5459
new_event_0: 5646, 5686, 5726, 5766, 5806, 5846, 5886, 5926, 5966
new_event_0: 6157, 6197
new_event_261: 6298, 6338, 6378
new_event_0: 6309, 6349, 6389
new_event_0: 6357, 6397, 6437
new_event_0: 6456, 6496, 6536, 6576, 6616
new_event_0: 6639, 6679
new_event_0: 6644, 6684, 6724, 6764
new_event_0: 6805, 6845, 6885
new_event_0: 6820, 6860
new_event_262: 6788, 6828, 6868, 6908
new_event_0: 6802, 6842, 6882
new_event_0: 6806, 6846, 6886
new_event_0: 6808, 6848, 6888, 6928
new_event_0: 6909, 6949
new_event_0: 7107, 7147, 7187, 7227, 7267
new_event_0: 7106, 7146, 7186, 7226, 7266, 7306, 7346, 7386, 7426
new_event_0: 7197, 7237, 7277, 7317, 7357, 7397, 7437, 7477, 7517, 7557
new_event_0: 7445, 7485, 7525, 7565, 7605
new_event_0: 7447, 7487, 7527, 7567, 7607
new_event_0: 7449, 7489, 7529, 7569, 7609
new_event_0: 7452, 7492, 7532, 7572, 7612, 7652
new_event_0: 7454, 7494, 7534, 7574, 7614
new_event_0: 7758, 7798, 7838, 7878, 7918, 7958, 7998, 8038, 8078
new_event_0: 8012, 8052
new_event_0: 7811, 7851, 7891, 7931, 7971, 8011, 8051, 8091, 8131, 8171
new_event_263: 8938, 8978
new_event_264: 8955, 8995
new_event_0: 8943, 8983, 9023, 9063, 9103, 9143
new_event_0: 9129, 9169
new_event_265: 9133, 9173
new_event_266: 9137, 9177
new_event_267: 9139, 9179
new_event_0: 9164, 9204
new_event_0: 9568, 9608, 9648, 9688, 9728
new_event_0: 9666, 9706
new_event_268: 9668, 9708
new_event_0: 9670, 9710
new_event_269: 9822, 9862
new_event_0: 9811, 9851, 9891, 9931, 9971
new_event_0: 168, 208, 248, 288
new_event_0: 307, 347, 387, 427, 467, 507, 547
new_event_0: 1057, 1097, 1137, 1177, 1217
new_event_0: 1065, 1105, 1145, 1185
new_event_135: 1679, 1719
new_event_0: 1786, 1826
new_event_0: 2088, 2128
new_event_270: 2497, 2537
new_event_0: 2506, 2546
new_event_271: 2529, 2569
new_event_0: 2589, 2629, 2669, 2709, 2749
new_event_0: 2352, 2392, 2432, 2472, 2512, 2552, 2592, 2632, 2672, 2712, 2752
new_event_0: 2936, 2976, 3016, 3056, 3096
new_event_0: 2946, 2986, 3026, 3066, 3106, 3146, 3186
new_event_272: 3879, 3919
new_event_273: 3849, 3889, 3929, 3969
new_event_274: 3909, 3949
new_event_270: 3913, 3953
new_event_0: 4208, 4248, 4288, 4328, 4368
new_event_0: 4284, 4324, 4364, 4404, 4444, 4484
new_event_0: 4065, 4105, 4145, 4185, 4225, 4265, 4305, 4345, 4385, 4425, 4465
new_event_0: 4279, 4319, 4359, 4399, 4439, 4479
new_event_275: 4871, 4911
new_event_270: 4899, 4939
new_event_0: 5096, 5136, 5176, 5216
new_event_0: 5068, 5108, 5148, 5188, 5228, 5268
new_event_0: 5147, 5187, 5227, 5267, 5307, 5347, 5387
new_event_0: 5824, 5864
new_event_276: 5963, 6003
new_event_0: 6048, 6088, 6128, 6168, 6208
new_event_0: 6302, 6342, 6382
new_event_0: 6305, 6345, 6385
new_event_0: 6337, 6377
new_event_277: 6344, 6384
new_event_278: 6356, 6396
new_event_0: 6364, 6404
new_event_278: 6370, 6410
new_event_135: 6755, 6795, 6835
new_event_0: 6960, 7000, 7040, 7080, 7120, 7160
new_event_0: 7042, 7082
new_event_0: 7004, 7044, 7084, 7124, 7164, 7204, 7244
new_event_0: 7113, 7153, 7193, 7233, 7273, 7313, 7353, 7393, 7433
new_event_0: 8253, 8293, 8333, 8373
new_event_0: 8376, 8416, 8456, 8496, 8536, 8576
new_event_0: 8340, 8380, 8420, 8460, 8500, 8540, 8580, 8620
new_event_0: 8384, 8424, 8464, 8504, 8544, 8584, 8624
new_event_0: 8676, 8716, 8756, 8796, 8836, 8876, 8916
new_event_0: 8717, 8757, 8797, 8837, 8877, 8917
new_event_0: 8721, 8761, 8801, 8841, 8881, 8921
new_event_0: 9917, 9957, 9997, 10037, 10077, 10117, 10157, 10197, 10237, 10277, 10317
new_event_0: 1064, 1104, 1144, 1184
new_event_0: 1087, 1127, 1167, 1207, 1247, 1287, 1327
new_event_0: 1507, 1547, 1587, 1627, 1667, 1707, 1747, 1787, 1827, 1867
new_event_0: 2081, 2121
new_event_279: 2089, 2129
new_event_0: 2498, 2538
new_event_0: 2827, 2867, 2907, 2947, 2987, 3027, 3067, 3107, 3147
new_event_0: 2951, 2991, 3031, 3071, 3111, 3151
new_event_280: 3606, 3646
new_event_0: 3880, 3920, 3960
new_event_281: 3848, 3888, 3928, 3968
new_event_0: 3908, 3948
new_event_0: 3914, 3954
new_event_0: 3881, 3921, 3961
new_event_0: 4286, 4326, 4366, 4406, 4446, 4486
new_event_282: 4400, 4440
new_event_283: 4872, 4912
new_event_0: 4820, 4860, 4900, 4940, 4980
new_event_0: 5085, 5125, 5165, 5205
new_event_0: 5069, 5109, 5149, 5189, 5229, 5269, 5309, 5349, 5389
new_event_0: 5115, 5155, 5195, 5235, 5275, 5315, 5355, 5395, 5435
new_event_0: 5132, 5172, 5212
new_event_0: 5138, 5178, 5218
new_event_0: 5665, 5705, 5745, 5785, 5825, 5865, 5905, 5945, 5985
new_event_284: 5831, 5871
new_event_0: 6044, 6084
new_event_0: 6363, 6403
new_event_0: 6329, 6369, 6409, 6449, 6489, 6529
new_event_0: 6640, 6680, 6720, 6760, 6800, 6840, 6880
new_event_0: 7312, 7352, 7392, 7432, 7472, 7512, 7552
new_event_0: 8285, 8325, 8365
new_event_285: 8294, 8334
new_event_0: 8279, 8319, 8359, 8399, 8439, 8479
new_event_0: 9016, 9056, 9096, 9136, 9176
new_event_0: 9243, 9283
new_event_0: 9914, 9954
new_event_286: 1244, 1284
new_event_287: 1588, 1628, 1668, 1708, 1748, 1788, 1828, 1868, 1908
new_event_286: 2082, 2122
new_event_288: 2500, 2540
new_event_0: 2852, 2892, 2932, 2972, 3012, 3052, 3092, 3132, 3172
new_event_0: 4298, 4338, 4378, 4418, 4458
new_event_288: 5828, 5868
new_event_289: 8286, 8326
new_event_290: 8314, 8354
new_event_0: 212, 252
new_event_0: 857, 897
new_event_291: 2094, 2134
new_event_0: 2084, 2124, 2164, 2204, 2244, 2284, 2324, 2364, 2404
new_event_0: 2493, 2533, 2573, 2613, 2653, 2693, 2733
new_event_0: 2861, 2901, 2941, 2981, 3021, 3061, 3101, 3141, 3181, 3221, 3261, 3301
new_event_0: 2832, 2872, 2912, 2952, 2992, 3032, 3072, 3112, 3152, 3192
new_event_0: 3895, 3935, 3975
new_event_292: 3901, 3941
new_event_0: 3911, 3951
new_event_0: 4214, 4254, 4294, 4334, 4374
new_event_0: 4190, 4230, 4270, 4310, 4350, 4390, 4430, 4470
new_event_0: 4282, 4322, 4362, 4402, 4442, 4482
new_event_0: 4571, 4611, 4651, 4691, 4731
new_event_293: 4787, 4827, 4867, 4907, 4947, 4987
new_event_0: 4510, 4550, 4590, 4630, 4670, 4710, 4750, 4790, 4830, 4870, 4910, 4950, 4990, 5030
new_event_0: 4636, 4676, 4716, 4756, 4796, 4836, 4876, 4916, 4956, 4996, 5036
new_event_0: 4742, 4782, 4822, 4862, 4902, 4942, 4982
new_event_0: 5090, 5130, 5170, 5210
new_event_0: 5072, 5112, 5152, 5192, 5232
new_event_294: 5162, 5202
new_event_0: 5146, 5186, 5226, 5266
new_event_295: 5153, 5193, 5233, 5273, 5313, 5353, 5393, 5433, 5473
new_event_0: 6013, 6053, 6093, 6133, 6173, 6213, 6253
new_event_0: 6303, 6343
new_event_296: 6350, 6390
new_event_0: 6758, 6798, 6838, 6878, 6918
new_event_0: 7039, 7079
new_event_0: 7001, 7041, 7081, 7121, 7161
new_event_0: 6963, 7003, 7043, 7083, 7123, 7163, 7203, 7243, 7283, 7323, 7363, 7403
new_event_297: 7308, 7348, 7388, 7428, 7468
new_event_0: 7296, 7336, 7376, 7416, 7456
new_event_0: 7302, 7342, 7382, 7422, 7462, 7502, 7542
new_event_0: 8017, 8057, 8097, 8137, 8177
new_event_294: 8317, 8357
new_event_0: 8287, 8327, 8367, 8407, 8447, 8487
new_event_0: 8383, 8423, 8463, 8503, 8543, 8583, 8623, 8663
new_event_0: 8345, 8385, 8425, 8465, 8505, 8545, 8585, 8625, 8665
new_event_0: 8719, 8759, 8799, 8839, 8879, 8919
new_event_0: 8523, 8563, 8603, 8643, 8683, 8723, 8763, 8803, 8843, 8883, 8923
new_event_298: 8897, 8937
new_event_0: 9216, 9256, 9296, 9336, 9376
new_event_0: 9392, 9432, 9472, 9512
new_event_299: 9805, 9845, 9885, 9925, 9965, 10005, 10045, 10085
new_event_0: 9918, 9958, 9998, 10038, 10078, 10118, 10158, 10198, 10238, 10278, 10318
new_event_300: 523, 563
new_event_0: 517, 557, 597, 637, 677, 717, 757, 797, 837, 877, 917, 957
new_event_0: 871, 911, 951, 991
new_event_0: 916, 956
new_event_0: 918, 958
new_event_0: 925, 965
new_event_0: 1006, 1046
new_event_0: 1094, 1134, 1174, 1214, 1254, 1294
new_event_0: 1324, 1364
new_event_0: 1290, 1330, 1370, 1410, 1450, 1490
new_event_0: 1329, 1369, 1409, 1449, 1489
new_event_1: 1442, 1482
new_event_0: 1606, 1646
new_event_0: 1863, 1903, 1943, 1983
new_event_0: 1795, 1835, 1875, 1915, 1955, 1995, 2035, 2075, 2115, 2155
new_event_0: 2093, 2133, 2173, 2213, 2253, 2293
new_event_0: 2099, 2139, 2179, 2219, 2259, 2299, 2339, 2379, 2419
new_event_0: 2176, 2216, 2256, 2296
new_event_2: 2184, 2224, 2264, 2304
new_event_3: 2273, 2313
new_event_0: 2182, 2222, 2262, 2302, 2342, 2382, 2422
new_event_0: 2097, 2137, 2177, 2217, 2257, 2297, 2337, 2377, 2417
new_event_0: 2332, 2372, 2412, 2452
new_event_4: 2505, 2545, 2585, 2625, 2665, 2705, 2745
new_event_0: 2268, 2308, 2348, 2388, 2428, 2468, 2508, 2548, 2588, 2628, 2668, 2708, 2748
new_event_102: 2511, 2551, 2591, 2631, 2671, 2711, 2751
new_event_0: 2353, 2393, 2433, 2473, 2513, 2553, 2593, 2633, 2673, 2713, 2753
new_event_0: 2724, 2764
new_event_0: 3385, 3425, 3465, 3505, 3545, 3585, 3625, 3665, 3705, 3745, 3785
new_event_0: 3700, 3740, 3780, 3820, 3860, 3900, 3940
new_event_0: 3898, 3938
new_event_0: 4186, 4226, 4266, 4306, 4346, 4386, 4426, 4466
new_event_0: 4215, 4255, 4295, 4335, 4375
new_event_0: 4210, 4250, 4290, 4330, 4370, 4410, 4450, 4490
new_event_0: 4024, 4064, 4104, 4144, 4184, 4224, 4264, 4304, 4344, 4384, 4424, 4464
new_event_0: 4281, 4321, 4361, 4401, 4441, 4481, 4521, 4561, 4601, 4641, 4681, 4721
new_event_5: 4414, 4454
new_event_0: 4522, 4562, 4602, 4642, 4682
new_event_0: 4527, 4567, 4607, 4647, 4687, 4727, 4767, 4807
new_event_0: 4495, 4535, 4575, 4615, 4655, 4695, 4735
new_event_0: 5003, 5043
new_event_0: 5070, 5110, 5150, 5190, 5230, 5270, 5310, 5350, 5390
new_event_0: 5100, 5140, 5180, 5220, 5260, 5300, 5340, 5380
new_event_6: 5143, 5183, 5223, 5263, 5303, 5343, 5383
new_event_0: 5253, 5293, 5333, 5373, 5413, 5453
new_event_7: 5418, 5458
new_event_0: 5420, 5460
new_event_0: 5657, 5697, 5737, 5777, 5817, 5857, 5897, 5937, 5977
new_event_0: 5695, 5735, 5775, 5815, 5855, 5895, 5935, 5975
new_event_0: 5609, 5649, 5689, 5729, 5769, 5809, 5849, 5889, 5929, 5969
new_event_0: 5684, 5724, 5764, 5804, 5844, 5884, 5924, 5964, 6004
new_event_0: 5531, 5571, 5611, 5651, 5691, 5731, 5771, 5811, 5851, 5891, 5931, 5971, 6011, 6051, 6091
new_event_0: 6045, 6085
new_event_0: 6301, 6341
new_event_8: 6360, 6400, 6440, 6480
new_event_0: 6446, 6486, 6526, 6566
new_event_0: 6459, 6499, 6539, 6579, 6619
new_event_0: 6646, 6686, 6726, 6766
new_event_0: 6811, 6851
new_event_9: 6822, 6862
new_event_0: 6790, 6830, 6870, 6910
new_event_0: 6759, 6799, 6839, 6879, 6919
new_event_0: 6671, 6711, 6751, 6791, 6831, 6871, 6911, 6951
new_event_0: 7261, 7301, 7341, 7381, 7421, 7461, 7501, 7541
new_event_0: 7143, 7183, 7223, 7263, 7303, 7343, 7383, 7423, 7463, 7503, 7543
new_event_0: 7309, 7349, 7389, 7429, 7469, 7509, 7549
new_event_10: 7519, 7559
new_event_0: 7446, 7486, 7526, 7566, 7606
new_event_0: 7450, 7490, 7530, 7570, 7610, 7650
new_event_0: 7493, 7533, 7573, 7613, 7653, 7693
new_event_0: 7455, 7495, 7535, 7575, 7615, 7655, 7695, 7735, 7775, 7815, 7855, 7895, 7935, 7975, 8015, 8055
new_event_0: 7457, 7497, 7537, 7577, 7617, 7657, 7697, 7737, 7777, 7817, 7857, 7897, 7937, 7977
new_event_0: 7681, 7721, 7761, 7801, 7841, 7881, 7921, 7961, 8001, 8041, 8081
new_event_0: 7996, 8036, 8076
new_event_0: 7894, 7934, 7974, 8014, 8054, 8094, 8134, 8174
new_event_0: 8233, 8273, 8313, 8353, 8393, 8433, 8473
new_event_0: 8262, 8302, 8342, 8382, 8422, 8462, 8502
new_event_0: 8280, 8320, 8360, 8400, 8440, 8480
new_event_11: 8282, 8322, 8362, 8402, 8442, 8482
new_event_0: 8524, 8564, 8604, 8644, 8684
new_event_3: 8959, 8999
new_event_0: 8946, 8986, 9026, 9066
new_event_135: 9134, 9174
new_event_0: 9166, 9206
new_event_0: 9450, 9490, 9530, 9570, 9610, 9650, 9690, 9730
new_event_0: 9669, 9709
new_event_0: 9673, 9713
new_event_12: 9696, 9736
new_event_0: 9801, 9841
new_event_13: 9827, 9867
new_event_0: 9817, 9857, 9897, 9937, 9977, 10017
new_event_0: 10011, 10051, 10091, 10131, 10171, 10211, 10251
new_event_14: 10228, 10268
new_event_59: 1062, 1102, 1142, 1182
new_event_15: 1245, 1285
new_event_0: 1631, 1671, 1711, 1751, 1791, 1831, 1871
new_event_0: 2114, 2154
new_event_16: 2205, 2245, 2285, 2325, 2365, 2405, 2445
new_event_0: 2492, 2532, 2572, 2612, 2652
new_event_0: 3011, 3051
new_event_0: 2993, 3033, 3073, 3113
new_event_17: 3608, 3648
new_event_0: 3847, 3887, 3927, 3967
new_event_18: 3912, 3952
new_event_19: 4211, 4251, 4291, 4331, 4371, 4411, 4451, 4491
new_event_0: 4212, 4252, 4292, 4332, 4372, 4412, 4452
new_event_0: 4369, 4409, 4449, 4489
new_event_0: 4785, 4825, 4865, 4905, 4945, 4985, 5025
new_event_0: 5074, 5114, 5154, 5194, 5234, 5274, 5314, 5354, 5394
new_event_20: 5175, 5215
new_event_0: 5144, 5184, 5224, 5264, 5304, 5344, 5384
new_event_0: 5761, 5801, 5841, 5881, 5921, 5961, 6001
new_event_21: 6366, 6406
new_event_0: 6647, 6687, 6727, 6767, 6807, 6847, 6887
new_event_0: 7310, 7350, 7390, 7430
new_event_22: 8893, 8933
new_event_23: 9393, 9433, 9473, 9513
new_event_24: 9915, 9955
new_event_0: 9887, 9927, 9967, 10007, 10047, 10087, 10127, 10167, 10207, 10247, 10287, 10327
new_event_25: 52, 92
new_event_26: 1063, 1103, 1143, 1183
new_event_0: 2087, 2127
new_event_0: 2829, 2869, 2909, 2949, 2989, 3029, 3069, 3109
new_event_27: 4205, 4245, 4285, 4325, 4365, 4405, 4445, 4485
new_event_0: 6721, 6761, 6801, 6841, 6881
new_event_0: 7311, 7351, 7391, 7431, 7471, 7511, 7551
new_event_28: 8292, 8332
