5, 45, 85
24, 64, 104
149, 189, 229
159, 199, 239
298, 338, 378
272, 312, 352, 392, 432, 472
279, 319, 359, 399
356, 396, 436, 476
524, 564, 604
571, 611, 651, 691, 731
581, 621
607, 647, 687, 727
756, 796, 836
682, 722, 762, 802, 842
785, 825
789, 829
770, 810, 850, 890
773, 813, 853, 893
778, 818, 858, 898, 938
1067, 1107, 1147, 1187
1091, 1131, 1171, 1211
1387, 1427, 1467
1428, 1468
1397, 1437, 1477
1367, 1407, 1447, 1487
1525, 1565
1511, 1551, 1591
1600, 1640, 1680
1619, 1659, 1699
1509, 1549, 1589, 1629, 1669, 1709
1726, 1766
1740, 1780
1809, 1849
1877, 1917
1958, 1998, 2038, 2078, 2118
2023, 2063
2249, 2289
2340, 2380, 2420
2347, 2387, 2427, 2467
2578, 2618, 2658, 2698, 2738
2689, 2729
2715, 2755
2873, 2913, 2953
2799, 2839, 2879, 2919, 2959
3003, 3043, 3083, 3123, 3163
2999, 3039, 3079
3014, 3054, 3094, 3134, 3174
3007, 3047, 3087, 3127, 3167
3206, 3246, 3286
3236, 3276
3215, 3255, 3295
3231, 3271, 3311
3394, 3434, 3474, 3514
3548, 3588, 3628
3698, 3738, 3778
3686, 3726, 3766, 3806
3695, 3735, 3775, 3815
3699, 3739, 3779
3747, 3787
3819, 3859, 3899, 3939
4016, 4056, 4096
4041, 4081, 4121, 4161
4044, 4084, 4124
4022, 4062, 4102, 4142
4131, 4171
4197, 4237
4213, 4253
4293, 4333, 4373
4261, 4301, 4341, 4381
4507, 4547
4517, 4557, 4597
4640, 4680
4715, 4755, 4795, 4835, 4875
4718, 4758, 4798, 4838
4932, 4972
4909, 4949, 4989
5077, 5117, 5157, 5197
5261, 5301, 5341, 5381
5560, 5600
5523, 5563, 5603
5570, 5610
5557, 5597, 5637, 5677, 5717
5624, 5664, 5704, 5744, 5784
5794, 5834, 5874
5918, 5958
6047, 6087
6154, 6194
6234, 6274
6458, 6498, 6538, 6578
6495, 6535, 6575, 6615
6641, 6681
6913, 6953, 6993, 7033, 7073
6977, 7017
7062, 7102, 7142, 7182
7111, 7151, 7191, 7231
7294, 7334, 7374, 7414
7476, 7516, 7556
7379, 7419, 7459, 7499, 7539, 7579, 7619
7581, 7621, 7661, 7701, 7741
7774, 7814, 7854
7745, 7785, 7825, 7865, 7905, 7945
7884, 7924, 7964
8016, 8056, 8096, 8136, 8176
7984, 8024, 8064
8109, 8149
8042, 8082, 8122, 8162
8103, 8143, 8183
8411, 8451, 8491
8556, 8596, 8636
8698, 8738, 8778, 8818, 8858
8791, 8831, 8871
9002, 9042, 9082
9013, 9053, 9093
9038, 9078
9008, 9048, 9088, 9128, 9168
9230, 9270, 9310, 9350
9244, 9284, 9324, 9364, 9404
9250, 9290, 9330, 9370
9440, 9480, 9520
9469, 9509
9541, 9581, 9621, 9661, 9701
9555, 9595
9558, 9598, 9638
9571, 9611, 9651, 9691, 9731
9802, 9842
9818, 9858
9882, 9922
9899, 9939, 9979, 10019, 10059
9919, 9959, 9999, 10039, 10079
10004, 10044, 10084
9970, 10010, 10050, 10090
10024, 10064, 10104, 10144, 10184
10162, 10202, 10242
10218, 10258
10222, 10262
3, 43, 83
27, 67, 107
31, 71
33, 73
150, 190, 230
179, 219
184, 224, 264
186, 226
148, 188, 228
158, 198, 238
301, 341
311, 351
325, 365, 405, 445, 485
331, 371, 411
333, 373
299, 339, 379, 419
306, 346, 386, 426
308, 348, 388, 428
274, 314, 354, 394, 434, 474
278, 318, 358, 398, 438, 478
362, 402
324, 364, 404, 444
326, 366, 406, 446, 486
368, 408
370, 410, 450
292, 332, 372, 412
335, 375, 415
300, 340, 380, 420
389, 429
355, 395, 435
462, 502, 542
508, 548, 588
510, 550, 590, 630
514, 554
527, 567
536, 576
506, 546, 586, 626
513, 553, 593, 633
520, 560, 600, 640
526, 566, 606
530, 570, 610, 650, 690, 730
578, 618, 658, 698, 738
582, 622, 662, 702
528, 568, 608, 648, 688
612, 652, 692, 732
574, 614, 654, 694, 734
701, 741
710, 750
764, 804, 844
783, 823
791, 831
767, 807, 847
861, 901, 941
1070, 1110, 1150, 1190, 1230, 1270
1075, 1115, 1155, 1195
1082, 1122, 1162, 1202
1093, 1133, 1173, 1213
1242, 1282, 1322
1227, 1267, 1307
1379, 1419, 1459
1382, 1422
1384, 1424, 1464
1391, 1431, 1471
1405, 1445
1377, 1417, 1457
1381, 1421, 1461
1508, 1548
1516, 1556
1522, 1562
1512, 1552, 1592, 1632, 1672, 1712, 1752
1598, 1638, 1678, 1718
1739, 1779
1813, 1853, 1893, 1933
1818, 1858, 1898, 1938
1821, 1861, 1901, 1941
1799, 1839, 1879
1841, 1881, 1921
1803, 1843, 1883, 1923
1806, 1846, 1886
1812, 1852, 1892, 1932
1814, 1854, 1894
1819, 1859, 1899
1785, 1825, 1865, 1905, 1945
1792, 1832, 1872, 1912
1794, 1834, 1874, 1914, 1954, 1994
1934, 1974, 2014, 2054
1947, 1987, 2027, 2067
1960, 2000
1970, 2010, 2050
1981, 2021
1984, 2024, 2064
2004, 2044
2006, 2046
1968, 2008, 2048
1973, 2013, 2053
1975, 2015, 2055
2198, 2238
2172, 2212, 2252, 2292
2265, 2305
2356, 2396, 2436
2361, 2401
2345, 2385, 2425
2328, 2368, 2408, 2448
2525, 2565, 2605, 2645
2571, 2611, 2651
2556, 2596, 2636
2527, 2567, 2607, 2647
2619, 2659
2687, 2727
2714, 2754
2797, 2837
2809, 2849
2813, 2853, 2893, 2933, 2973
2822, 2862
2798, 2838, 2878, 2918, 2958
2810, 2850, 2890, 2930, 2970
2814, 2854, 2894, 2934, 2974
2823, 2863, 2903, 2943, 2983, 3023
2825, 2865, 2905
2875, 2915, 2955
2841, 2881, 2921, 2961
2845, 2885, 2925, 2965
2888, 2928, 2968
2900, 2940, 2980
3002, 3042, 3082, 3122, 3162
3090, 3130, 3170
3015, 3055, 3095, 3135, 3175
3103, 3143
3119, 3159
3086, 3126, 3166
3128, 3168
3210, 3250, 3290
3224, 3264, 3304
3234, 3274, 3314
3357, 3397, 3437, 3477
3401, 3441, 3481
3363, 3403, 3443, 3483, 3523
3373, 3413, 3453
3377, 3417, 3457
3428, 3468, 3508
3524, 3564, 3604, 3644
3497, 3537, 3577, 3617
3586, 3626
3684, 3724, 3764, 3804
3664, 3704, 3744, 3784
3712, 3752, 3792
3677, 3717, 3757, 3797, 3837
3641, 3681, 3721, 3761
3689, 3729, 3769, 3809
3692, 3732, 3772, 3812
3749, 3789
3713, 3753, 3793
3765, 3805
3773, 3813
4018, 4058, 4098, 4138
4030, 4070, 4110
4033, 4073, 4113, 4153
4037, 4077, 4117
4040, 4080, 4120
4052, 4092, 4132, 4172
4015, 4055, 4095
4027, 4067, 4107, 4147
4072, 4112, 4152
4075, 4115, 4155
4039, 4079, 4119, 4159
4042, 4082, 4122, 4162
4047, 4087, 4127, 4167
4054, 4094, 4134, 4174
4021, 4061, 4101, 4141
4034, 4074, 4114, 4154
4045, 4085, 4125, 4165
4129, 4169
4195, 4235
4200, 4240
4269, 4309, 4349, 4389
4216, 4256, 4296, 4336, 4376
4280, 4320, 4360
4419, 4459
4436, 4476
4478, 4518, 4558
4480, 4520, 4560, 4600
4537, 4577
4505, 4545, 4585, 4625
4563, 4603
4622, 4662, 4702
4684, 4724
4665, 4705, 4745
4761, 4801, 4841
4771, 4811, 4851
4793, 4833
4819, 4859
4887, 4927, 4967
4882, 4922, 4962, 5002, 5042
4931, 4971
5076, 5116, 5156, 5196
5123, 5163, 5203
5252, 5292, 5332, 5372, 5412
5254, 5294, 5334, 5374
5308, 5348, 5388
5271, 5311, 5351, 5391
5236, 5276, 5316, 5356
5279, 5319, 5359
5339, 5379
5534, 5574
5536, 5576, 5616, 5656
5540, 5580, 5620
5544, 5584
5550, 5590, 5630
5552, 5592, 5632
5556, 5596, 5636, 5676
5526, 5566, 5606
5568, 5608
5542, 5582, 5622
5546, 5586, 5626
5588, 5628
5648, 5688, 5728
5668, 5708, 5748, 5788
5711, 5751, 5791
5682, 5722, 5762, 5802, 5842, 5882
5757, 5797, 5837, 5877
5858, 5898, 5938, 5978
5902, 5942, 5982
5907, 5947, 5987
5913, 5953
6012, 6052, 6092
6026, 6066, 6106
6031, 6071, 6111
6015, 6055, 6095, 6135, 6175, 6215, 6255
6148, 6188
6233, 6273
6361, 6401, 6441, 6481
6464, 6504, 6544, 6584
6473, 6513, 6553
6435, 6475, 6515, 6555
6477, 6517, 6557, 6597
6444, 6484, 6524, 6564, 6604
6460, 6500, 6540, 6580
6506, 6546
6472, 6512, 6552, 6592
6520, 6560, 6600
6522, 6562, 6602
6494, 6534, 6574, 6614
6521, 6561, 6601
6570, 6610
6656, 6696, 6736, 6776
6660, 6700, 6740, 6780
6666, 6706, 6746
6648, 6688, 6728, 6768
6659, 6699, 6739
6652, 6692, 6732, 6772, 6812
6783, 6823, 6863
6962, 7002
6973, 7013
6979, 7019
6912, 6952, 6992, 7032, 7072
7115, 7155, 7195
7117, 7157
7141, 7181
7122, 7162, 7202, 7242
7095, 7135, 7175, 7215
7058, 7098, 7138, 7178, 7218, 7258
7200, 7240
7295, 7335, 7375, 7415
7290, 7330, 7370, 7410
7451, 7491, 7531
7473, 7513, 7553
7478, 7518, 7558
7464, 7504, 7544
7583, 7623
7587, 7627, 7667
7584, 7624, 7664
7594, 7634, 7674, 7714
7599, 7639, 7679, 7719
7683, 7723
7685, 7725
7754, 7794, 7834, 7874
7759, 7799, 7839
7796, 7836
7781, 7821, 7861, 7901, 7941
7886, 7926, 7966
7913, 7953
7920, 7960
7929, 7969
7983, 8023
7985, 8025, 8065
7909, 7949, 7989, 8029, 8069
8111, 8151
8045, 8085, 8125, 8165
8049, 8089, 8129, 8169
8101, 8141, 8181
8264, 8304, 8344
8226, 8266, 8306
8228, 8268, 8308, 8348
8270, 8310, 8350
8232, 8272, 8312, 8352
8397, 8437, 8477
8366, 8406, 8446, 8486
8538, 8578, 8618, 8658
8517, 8557, 8597, 8637
8693, 8733
8710, 8750, 8790, 8830, 8870
8705, 8745, 8785, 8825, 8865, 8905
8773, 8813, 8853
8948, 8988, 9028
8957, 8997, 9037, 9077
9020, 9060, 9100
9033, 9073, 9113
9035, 9075, 9115
9039, 9079, 9119
9003, 9043, 9083
9012, 9052, 9092, 9132
9018, 9058, 9098, 9138, 9178
9019, 9059, 9099
9010, 9050, 9090, 9130, 9170
9220, 9260, 9300, 9340, 9380
9225, 9265, 9305
9228, 9268, 9308, 9348
9238, 9278, 9318, 9358
9240, 9280, 9320, 9360
9246, 9286, 9326, 9366
9211, 9251, 9291, 9331, 9371, 9411
9293, 9333, 9373
9255, 9295, 9335
9299, 9339, 9379, 9419
9226, 9266, 9306, 9346, 9386
9229, 9269, 9309, 9349
9327, 9367
9442, 9482, 9522
9465, 9505, 9545, 9585
9467, 9507
9445, 9485, 9525
9546, 9586
9554, 9594
9559, 9599
9625, 9665, 9705
9886, 9926, 9966
9898, 9938, 9978
9892, 9932, 9972
9901, 9941, 9981, 10021, 10061
9903, 9943, 9983, 10023
9905, 9945, 9985, 10025
9907, 9947, 9987, 10027
9909, 9949, 9989, 10029
9911, 9951, 9991
9910, 9950, 9990, 10030, 10070
9956, 9996, 10036, 10076
10000, 10040, 10080
10012, 10052, 10092
10022, 10062, 10102
9962, 10002, 10042, 10082, 10122
10088, 10128, 10168, 10208
10105, 10145, 10185, 10225, 10265
10067, 10107, 10147
10109, 10149
10116, 10156, 10196, 10236
10120, 10160, 10200, 10240, 10280, 10320
10126, 10166, 10206
10101, 10141, 10181
10143, 10183, 10223, 10263
10110, 10150, 10190, 10230, 10270
10114, 10154, 10194, 10234
10187, 10227
498, 538
529, 569
1262, 1302, 1342
1404, 1444, 1484
1936, 1976, 2016, 2056
1961, 2001
2802, 2842, 2882, 2922, 2962
2791, 2831, 2871, 2911
3133, 3173
4017, 4057, 4097, 4137, 4177
4423, 4463
4751, 4791, 4831
5525, 5565, 5605
5666, 5706, 5746, 5786
5859, 5899, 5939, 5979
6462, 6502, 6542
7114, 7154, 7194, 7234
7210, 7250
7733, 7773
8255, 8295, 8335, 8375
8990, 9030
10018, 10058, 10098, 10138
17, 57, 97
26, 66
7, 47, 87
20, 60, 100
23, 63, 103
25, 65, 105
391, 431, 471
447, 487
465, 505, 545
766, 806, 846, 886
758, 798, 838, 878
855, 895, 935
926, 966
933, 973
1007, 1047
1059, 1099, 1139, 1179, 1219
1066, 1106, 1146, 1186
1335, 1375, 1415
1537, 1577, 1617, 1657
1750, 1790, 1830
1789, 1829, 1869
1800, 1840, 1880, 1920
1805, 1845, 1885, 1925
1807, 1847, 1887
1959, 1999, 2039, 2079, 2119
2036, 2076, 2116, 2156
2096, 2136
2103, 2143
2107, 2147
2086, 2126, 2166
2275, 2315
2283, 2323
2333, 2373, 2413
2336, 2376, 2416, 2456
2394, 2434, 2474
2464, 2504, 2544
2499, 2539, 2579
2524, 2564, 2604, 2644
2554, 2594, 2634, 2674
2723, 2763
2826, 2866
3022, 3062
2996, 3036, 3076
3116, 3156, 3196
3139, 3179, 3219, 3259, 3299
3207, 3247, 3287
3205, 3245, 3285
3214, 3254, 3294
3493, 3533, 3573, 3613
3796, 3836
3826, 3866
3823, 3863, 3903
3915, 3955
3894, 3934, 3974
4020, 4060, 4100
4413, 4453
4524, 4564, 4604, 4644
4719, 4759, 4799, 4839
4943, 4983, 5023
4948, 4988, 5028
4944, 4984, 5024
5007, 5047
5094, 5134
5099, 5139, 5179, 5219
5128, 5168, 5208
5151, 5191, 5231
5159, 5199, 5239
5259, 5299
5423, 5463
5396, 5436, 5476
5446, 5486
5795, 5835, 5875
5772, 5812, 5852, 5892, 5932, 5972
5827, 5867
5888, 5928, 5968, 6008
5915, 5955, 5995
6020, 6060, 6100
6029, 6069, 6109
6035, 6075, 6115
6040, 6080, 6120, 6160, 6200
6131, 6171, 6211
6125, 6165, 6205, 6245
6308, 6348, 6388
6331, 6371
6340, 6380
6351, 6391
6327, 6367, 6407
6359, 6399, 6439, 6479, 6519, 6559
6362, 6402, 6442, 6482
6453, 6493, 6533, 6573, 6613
6461, 6501, 6541
6581, 6621
6638, 6678, 6718
6645, 6685, 6725, 6765
6852, 6892
6867, 6907
7057, 7097
7276, 7316, 7356, 7396
7304, 7344, 7384, 7424
7307, 7347, 7387
7279, 7319, 7359, 7399, 7439, 7479
7324, 7364, 7404
7287, 7327, 7367, 7407
7378, 7418, 7458, 7498, 7538
7443, 7483, 7523, 7563, 7603, 7643
8229, 8269, 8309, 8349
8299, 8339
8315, 8355, 8395, 8435, 8475
8329, 8369
8414, 8454, 8494
8388, 8428, 8468, 8508
8956, 8996
9009, 9049, 9089
9015, 9055, 9095
9104, 9144, 9184
9161, 9201
9227, 9267, 9307
9245, 9285, 9325, 9365
9347, 9387, 9427
9382, 9422
9612, 9652, 9692, 9732
9547, 9587, 9627, 9667, 9707
9675, 9715
9697, 9737
9763, 9803, 9843
9804, 9844
9828, 9868
9835, 9875
9814, 9854, 9894, 9934, 9974
10221, 10261, 10301
13, 53, 93
29, 69
152, 192, 232
167, 207, 247, 287
304, 344
556, 596, 636, 676, 716
615, 655, 695, 735
864, 904
1098, 1138, 1178, 1218
1224, 1264, 1304
1243, 1283, 1323
1443, 1483
1454, 1494
1510, 1550, 1590
1596, 1636, 1676, 1716
1731, 1771
1811, 1851
1963, 2003
2034, 2074
2186, 2226
2272, 2312
2335, 2375, 2415, 2455
2518, 2558, 2598, 2638
2580, 2620, 2660
2520, 2560, 2600, 2640
2583, 2623, 2663
3005, 3045, 3085
3019, 3059, 3099
3213, 3253, 3293
3204, 3244, 3284
3346, 3386, 3426, 3466, 3506
3399, 3439, 3479, 3519, 3559, 3599
3456, 3496, 3536, 3576, 3616
3687, 3727, 3767, 3807
3702, 3742
3751, 3791, 3831
3781, 3821, 3861
3882, 3922, 3962
4023, 4063, 4103
4555, 4595, 4635, 4675
4794, 4834, 4874
4952, 4992
5129, 5169
5272, 5312, 5352
5672, 5712
5903, 5943, 5983
6227, 6267
6450, 6490, 6530
6637, 6677, 6717
6651, 6691, 6731, 6771
6663, 6703, 6743
6981, 7021
6990, 7030, 7070
7091, 7131, 7171
7116, 7156, 7196
7297, 7337, 7377, 7417
7448, 7488
7585, 7625, 7665, 7705
7600, 7640, 7680, 7720
7656, 7696, 7736
7747, 7787, 7827
7797, 7837, 7877
7805, 7845, 7885
7887, 7927, 7967
8086, 8126, 8166, 8206
8115, 8155
8044, 8084, 8124, 8164
8106, 8146, 8186
8390, 8430, 8470, 8510
8992, 9032, 9072, 9112
9006, 9046
9084, 9124
9236, 9276, 9316, 9356
9329, 9369
9447, 9487, 9527
9431, 9471, 9511
9807, 9847
9826, 9866
10008, 10048
10219, 10259
10226, 10266
1, 41, 81
35, 75
153, 193, 233
162, 202, 242, 282, 322
155, 195, 235
305, 345
672, 712, 752
780, 820
865, 905
1607, 1647, 1687
1603, 1643, 1683
1730, 1770
2185, 2225
2197, 2237
2163, 2203, 2243
2206, 2246, 2286
2344, 2384, 2424
2277, 2317, 2357, 2397, 2437
2519, 2559, 2599, 2639
2528, 2568, 2608, 2648
2681, 2721
2699, 2739
2707, 2747
3187, 3227, 3267, 3307
3232, 3272, 3312
3554, 3594, 3634
3563, 3603
3688, 3728
4026, 4066, 4106, 4146
4088, 4128, 4168
4271, 4311
4764, 4804
4763, 4803, 4843
4884, 4924, 4964, 5004
4915, 4955, 4995, 5035
5237, 5277, 5317, 5357
5282, 5322, 5362
5284, 5324, 5364
5285, 5325, 5365
5287, 5327, 5367, 5407
5257, 5297, 5337, 5377
5399, 5439
5650, 5690, 5730
5760, 5800, 5840, 5880
5909, 5949, 5989
5908, 5948, 5988
6036, 6076, 6116
6140, 6180, 6220, 6260
6146, 6186
6124, 6164, 6204, 6244
6226, 6266
6662, 6702, 6742
6665, 6705, 6745
6676, 6716, 6756
6786, 6826
6984, 7024
7090, 7130, 7170
7280, 7320, 7360
7325, 7365, 7405
7474, 7514, 7554
7465, 7505, 7545
7528, 7568, 7608
8043, 8083, 8123
8059, 8099, 8139, 8179
8105, 8145, 8185
8386, 8426, 8466, 8506
8394, 8434, 8474
8444, 8484
9446, 9486, 9526
9452, 9492, 9532
9435, 9475, 9515
9451, 9491, 9531
9549, 9589, 9629
9562, 9602
36, 76
151, 191, 231
616, 656, 696, 736
713, 753
771, 811, 851
1077, 1117, 1157, 1197, 1237, 1277, 1317, 1357
1239, 1279
1526, 1566
1614, 1654
1694, 1734, 1774
2190, 2230
2192, 2232
2194, 2234, 2274, 2314
2609, 2649
2584, 2624, 2664
2682, 2722, 2762
3402, 3442, 3482, 3522
6166, 6206, 6246
6229, 6269
6985, 7025
7286, 7326, 7366
7508, 7548
7626, 7666
7813, 7853, 7893, 7933, 7973
7922, 7962
8092, 8132, 8172
8443, 8483
8555, 8595
9436, 9476, 9516
9551, 9591
9563, 9603
38, 78
157, 197, 237
164, 204, 244
166, 206, 246, 286
171, 211, 251, 291
175, 215, 255
182, 222
161, 201, 241
273, 313, 353, 393
499, 539, 579
522, 562, 602, 642
667, 707
728, 768, 808, 848
779, 819
786, 826
793, 833
795, 835, 875
803, 843, 883
866, 906
1123, 1163, 1203
1088, 1128, 1168, 1208
1124, 1164, 1204
1072, 1112, 1152, 1192, 1232, 1272, 1312
1076, 1116, 1156, 1196, 1236, 1276, 1316, 1356
1399, 1439, 1479, 1519, 1559, 1599, 1639
1531, 1571
1611, 1651, 1691
1618, 1658, 1698
1601, 1641, 1681, 1721
1610, 1650, 1690
1622, 1662, 1702
1743, 1783, 1823
1796, 1836, 1876, 1916, 1956, 1996
2183, 2223
2200, 2240, 2280
2167, 2207, 2247, 2287
2319, 2359, 2399
2355, 2395, 2435
2326, 2366, 2406, 2446
2521, 2561, 2601, 2641
2526, 2566, 2606, 2646
2522, 2562, 2602, 2642
2626, 2666
2685, 2725
2690, 2730
2703, 2743
2717, 2757
2806, 2846, 2886, 2926, 2966
2889, 2929, 2969, 3009, 3049
2851, 2891, 2931, 2971
3217, 3257, 3297
3228, 3268, 3308
3238, 3278, 3318
3226, 3266, 3306
3404, 3444, 3484
3495, 3535, 3575, 3615, 3655
3547, 3587, 3627
3557, 3597
3562, 3602
3696, 3736
3706, 3746, 3786
3759, 3799
4038, 4078, 4118
4059, 4099
4029, 4069, 4109, 4149
4136, 4176
4196, 4236
4276, 4316, 4356, 4396
4631, 4671, 4711
4598, 4638, 4678
4587, 4627, 4667, 4707, 4747
4775, 4815, 4855
4773, 4813, 4853, 4893
4913, 4953, 4993
4929, 4969
4895, 4935, 4975
4918, 4958, 4998
5078, 5118
5289, 5329, 5369, 5409
5283, 5323, 5363
5335, 5375
5401, 5441
5640, 5680, 5720
5752, 5792, 5832, 5872
5770, 5810, 5850
5911, 5951, 5991
5917, 5957, 5997
5912, 5952, 5992
6028, 6068, 6108
6034, 6074, 6114
6016, 6056, 6096, 6136, 6176
6230, 6270
6236, 6276
6518, 6558
6654, 6694, 6734, 6774, 6814
6668, 6708, 6748
6642, 6682, 6722, 6762
6966, 7006
6987, 7027
6955, 6995, 7035, 7075
7046, 7086, 7126, 7166, 7206
7088, 7128, 7168
7053, 7093, 7133, 7173, 7213, 7253
7104, 7144, 7184, 7224, 7264
7293, 7333, 7373
7282, 7322, 7362, 7402
7292, 7332, 7372, 7412
7470, 7510, 7550
7475, 7515, 7555
7571, 7611, 7651
7578, 7618
7591, 7631, 7671, 7711
7598, 7638, 7678, 7718
7764, 7804
7752, 7792, 7832, 7872
7914, 7954
8095, 8135, 8175, 8215
8102, 8142, 8182
8107, 8147, 8187
8256, 8296, 8336
8398, 8438, 8478
8410, 8450, 8490
8532, 8572
8553, 8593
8724, 8764, 8804, 8844
9014, 9054, 9094
9438, 9478, 9518
9443, 9483, 9523
9550, 9590, 9630
9556, 9596, 9636
9548, 9588, 9628
9812, 9852
8, 48, 88
30, 70
32, 72
37, 77
156, 196, 236
183, 223
185, 225
187, 227, 267
296, 336, 376
302, 342, 382, 422
310, 350, 390
357, 397, 437, 477
281, 321, 361, 401, 441, 481
323, 363, 403, 443, 483
367, 407
374, 414
385, 425
460, 500, 540
503, 543
469, 509, 549, 589, 629, 669, 709, 749
532, 572
525, 565, 605
580, 620
587, 627
619, 659, 699, 739
585, 625, 665, 705
577, 617, 657, 697, 737
644, 684, 724
609, 649, 689, 729, 769, 809, 849, 889
772, 812, 852, 892
787, 827
867, 907
1079, 1119, 1159, 1199
1085, 1125, 1165, 1205
1235, 1275, 1315
1225, 1265, 1305
1297, 1337
1383, 1423, 1463
1386, 1426, 1466
1396, 1436, 1476
1416, 1456, 1496
1418, 1458
1420, 1460
1393, 1433, 1473
1521, 1561
1612, 1652
1738, 1778
1798, 1838, 1878
1802, 1842, 1882
1804, 1844, 1884, 1924
1848, 1888, 1928
1810, 1850, 1890
1862, 1902
1866, 1906
1870, 1910
1972, 2012, 2052
1860, 1900, 1940, 1980, 2020, 2060
1982, 2022, 2062
1986, 2026, 2066
1949, 1989, 2029
1952, 1992, 2032, 2072, 2112
1965, 2005, 2045
2007, 2047
2009, 2049
1971, 2011, 2051
1978, 2018, 2058
2187, 2227
2202, 2242, 2282
2260, 2300
2267, 2307
2269, 2309, 2349, 2389, 2429, 2469, 2509, 2549
2320, 2360, 2400
2530, 2570, 2610, 2650
2691, 2731
2719, 2759
2807, 2847, 2887, 2927, 2967
2816, 2856, 2896
2803, 2843, 2883, 2923, 2963
2876, 2916, 2956
2800, 2840, 2880, 2920, 2960
2804, 2844, 2884, 2924, 2964
2815, 2855, 2895, 2935, 2975
2902, 2942, 2982
3006, 3046
3013, 3053, 3093
3000, 3040, 3080, 3120, 3160
3091, 3131, 3171
3102, 3142
3125, 3165
3089, 3129, 3169
3216, 3256, 3296
3182, 3222, 3262, 3302
3189, 3229, 3269, 3309
3239, 3279
3352, 3392, 3432
3398, 3438, 3478, 3518
3427, 3467, 3507
3690, 3730, 3770, 3810
3708, 3748
3714, 3754, 3794, 3834
3640, 3680, 3720, 3760, 3800
3683, 3723, 3763, 3803
3691, 3731, 3771, 3811
3694, 3734, 3774, 3814
4028, 4068, 4108, 4148
4050, 4090, 4130, 4170
4031, 4071, 4111, 4151
4093, 4133
4076, 4116, 4156
4043, 4083, 4123, 4163
4187, 4227
4199, 4239
4202, 4242
4178, 4218, 4258
4433, 4473
4539, 4579
4542, 4582
4272, 4312, 4352, 4392, 4432, 4472, 4512, 4552, 4592, 4632, 4672, 4712, 4752, 4792, 4832
4544, 4584, 4624, 4664, 4704, 4744, 4784
4526, 4566, 4606, 4646, 4686, 4726, 4766, 4806, 4846
4528, 4568, 4608, 4648, 4688, 4728, 4768, 4808, 4848
4621, 4661, 4701, 4741, 4781, 4821, 4861, 4901
4824, 4864, 4904
4879, 4919, 4959, 4999
4928, 4968
4877, 4917, 4957, 4997, 5037
5080, 5120
5256, 5296, 5336, 5376
5400, 5440
5535, 5575, 5615
5551, 5591
5522, 5562, 5602, 5642
5577, 5617
5581, 5621
5587, 5627
5614, 5654, 5694, 5734, 5774, 5814
5667, 5707, 5747, 5787
5645, 5685, 5725, 5765, 5805, 5845
5750, 5790, 5830, 5870
5854, 5894, 5934, 5974
5866, 5906, 5946, 5986
5904, 5944, 5984
5910, 5950, 5990
6019, 6059, 6099
6025, 6065, 6105
6086, 6126
6023, 6063, 6103, 6143, 6183, 6223, 6263
6150, 6190
6127, 6167, 6207
6228, 6268
6238, 6278
6429, 6469, 6509, 6549
6394, 6434, 6474, 6514, 6554, 6594
6476, 6516, 6556, 6596
6452, 6492, 6532, 6572, 6612
6465, 6505, 6545, 6585
6508, 6548
6431, 6471, 6511, 6551, 6591
6443, 6483, 6523, 6563, 6603
6497, 6537, 6577, 6617
6664, 6704
6655, 6695, 6735, 6775, 6815
6667, 6707, 6747
6643, 6683, 6723, 6763
6789, 6829, 6869
6967, 7007
6974, 7014
6986, 7026, 7066
6998, 7038, 7078
7092, 7132, 7172
7119, 7159, 7199, 7239
7208, 7248
7427, 7467, 7507, 7547
7597, 7637
7596, 7636, 7676, 7716, 7756
7684, 7724
7691, 7731, 7771
7682, 7722, 7762
7646, 7686, 7726, 7766, 7806, 7846
7730, 7770, 7810, 7850, 7890
7917, 7957, 7997
7988, 8028, 8068
7990, 8030, 8070
8000, 8040, 8080
8114, 8154
8048, 8088, 8128, 8168
8100, 8140, 8180
8260, 8300
8223, 8263, 8303
8225, 8265, 8305
8267, 8307, 8347
8271, 8311, 8351
8278, 8318, 8358
8392, 8432, 8472, 8512
8409, 8449, 8489
8405, 8445, 8485
8533, 8573, 8613, 8653
8542, 8582, 8622
8519, 8559, 8599, 8639, 8679
8614, 8654
8587, 8627, 8667, 8707, 8747, 8787
8635, 8675
8541, 8581, 8621, 8661, 8701, 8741, 8781
8552, 8592, 8632, 8672, 8712, 8752
8588, 8628, 8668, 8708, 8748, 8788, 8828, 8868
8704, 8744, 8784, 8824, 8864, 8904
8792, 8832, 8872
8694, 8734, 8774, 8814, 8854
8885, 8925
8954, 8994, 9034, 9074, 9114
8941, 8981, 9021, 9061, 9101, 9141, 9181
8944, 8984, 9024, 9064
8949, 8989, 9029, 9069, 9109
9005, 9045, 9085, 9125, 9165, 9205
9011, 9051, 9091
9017, 9057, 9097
9068, 9108
9070, 9110
9076, 9116
9222, 9262, 9302
9224, 9264, 9304
9239, 9279, 9319, 9359
9242, 9282, 9322, 9362
9254, 9294, 9334, 9374
9218, 9258, 9298, 9338, 9378
9223, 9263, 9303, 9343, 9383
9232, 9272, 9312, 9352
9344, 9384
9461, 9501
9466, 9506
9468, 9508
9437, 9477, 9517
9444, 9484, 9524
9448, 9488, 9528
9464, 9504, 9544, 9584, 9624, 9664
9565, 9605, 9645
9820, 9860
9902, 9942, 9982
9904, 9944, 9984
9906, 9946, 9986
9908, 9948, 9988, 10028, 10068, 10108, 10148, 10188
10034, 10074
10046, 10086
10026, 10066, 10106, 10146
10124, 10164
10130, 10170
10094, 10134, 10174
10142, 10182
10189, 10229, 10269
10210, 10250, 10290
10214, 10254
10282, 10322
39, 79
309, 349
868, 908, 948
1241, 1281, 1321
1737, 1777
2188, 2228
2191, 2231
2350, 2390, 2430, 2470
2523, 2563, 2603, 2643
4885, 4925, 4965
4914, 4954, 4994, 5034
5402, 5442
6018, 6058, 6098, 6138, 6178, 6218, 6258
6147, 6187
6231, 6271
6657, 6697, 6737
6669, 6709, 6749
6988, 7028
7059, 7099, 7139, 7179, 7219, 7259
7288, 7328, 7368
7466, 7506, 7546
7592, 7632, 7672, 7712
7778, 7818, 7858, 7898, 7938, 7978, 8018
9552, 9592, 9632
9567, 9607
9623, 9663, 9703
9813, 9853
9896, 9936
2, 42, 82
34, 74
0, 40, 80
163, 203, 243
165, 205, 245, 285
173, 213, 253
180, 220
303, 343
623, 663
660, 700, 740
628, 668, 708, 748
782, 822
863, 903, 943
869, 909, 949
1086, 1126, 1166, 1206
1090, 1130, 1170, 1210
1074, 1114, 1154, 1194, 1234, 1274, 1314, 1354
1081, 1121, 1161, 1201
1068, 1108, 1148, 1188, 1228, 1268, 1308
1406, 1446
1527, 1567
1604, 1644
1602, 1642, 1682
1732, 1772
1856, 1896
2189, 2229
2201, 2241
2362, 2402
2343, 2383, 2423, 2463, 2503, 2543
2557, 2597, 2637, 2677
2680, 2720, 2760
2686, 2726
2694, 2734
2702, 2742
2710, 2750
3211, 3251, 3291
3178, 3218, 3258, 3298
3233, 3273, 3313
3263, 3303
3379, 3419, 3459, 3499, 3539, 3579, 3619, 3659
3458, 3498, 3538, 3578, 3618, 3658
3470, 3510, 3550, 3590, 3630
3558, 3598
3571, 3611
3685, 3725
3693, 3733
3661, 3701, 3741
4181, 4221
4189, 4229
4191, 4231
4201, 4241
4273, 4313, 4353, 4393
4540, 4580, 4620, 4660, 4700
4762, 4802, 4842
4543, 4583, 4623, 4663, 4703, 4743, 4783, 4823, 4863
4509, 4549, 4589, 4629, 4669, 4709, 4749, 4789, 4829, 4869
4923, 4963
4930, 4970
5073, 5113
5240, 5280, 5320, 5360
5286, 5326, 5366, 5406
5330, 5370
5338, 5378
5397, 5437, 5477
5768, 5808, 5848
5914, 5954, 5994
6021, 6061, 6101
6027, 6067, 6107
6030, 6070, 6110
6141, 6181
6149, 6189
6162, 6202
6130, 6170, 6210
6232, 6272
6428, 6468
6550, 6590
6653, 6693, 6733, 6773, 6813
6670, 6710, 6750
6784, 6824, 6864
6956, 6996
6982, 7022
6989, 7029, 7069
6991, 7031, 7071
7118, 7158
7047, 7087, 7127, 7167, 7207
7094, 7134, 7174, 7214, 7254
7140, 7180
7198, 7238, 7278, 7318, 7358, 7398
7275, 7315, 7355, 7395
7588, 7628, 7668
7595, 7635, 7675, 7715, 7755, 7795, 7835, 7875
8098, 8138, 8178, 8218
8250, 8290
8321, 8361, 8401, 8441, 8481
8521, 8561, 8601, 8641, 8681
8711, 8751
8703, 8743, 8783, 8823, 8863, 8903
8821, 8861
9221, 9261, 9301, 9341, 9381, 9421
9463, 9503, 9543, 9583
9434, 9474, 9514
9439, 9479, 9519
9553, 9593
9560, 9600, 9640
10125, 10165, 10205
297, 337, 377
3411, 3451, 3491, 3531
1398, 1438, 1478
4534, 4574, 4614, 4654, 4694, 4734, 4774
7056, 7096, 7136, 7176, 7216, 7256
7658, 7698
8945, 8985, 9025, 9065, 9105, 9145, 9185
10099, 10139
9913, 9953, 9993, 10033, 10073, 10113, 10153, 10193, 10233
7659, 7699
9231, 9271, 9311, 9351
9234, 9274, 9314, 9354
383, 423
512, 552, 592, 632
3230, 3270, 3310
5572, 5612, 5652, 5692, 5732
7677, 7717
7589, 7629, 7669, 7709, 7749, 7789, 7829, 7869
8527, 8567, 8607, 8647, 8687, 8727
8616, 8656
9237, 9277, 9317, 9357
666, 706
1080, 1120, 1160, 1200, 1240, 1280, 1320, 1360
1395, 1435
1524, 1564
1855, 1895
1979, 2019
2358, 2398
2494, 2534, 2574, 2614, 2654
2859, 2899
3675, 3715, 3755
3638, 3678, 3718, 3758, 3798
4278, 4318, 4358, 4398, 4438
4886, 4926, 4966, 5006
5900, 5940, 5980
7085, 7125, 7165, 7205, 7245, 7285
7654, 7694, 7734
7660, 7700
7590, 7630, 7670, 7710, 7750, 7790, 7830
7704, 7744, 7784, 7824, 7864
8550, 8590, 8630, 8670
8633, 8673, 8713, 8753, 8793, 8833, 8873
9233, 9273, 9313, 9353
9275, 9315, 9355
10031, 10071, 10111, 10151, 10191, 10231, 10271
1523, 1563
4586, 4626, 4666, 4706, 4746, 4786, 4826, 4866
5756, 5796, 5836, 5876
9454, 9494, 9534, 9574, 9614, 9654
9912, 9952, 9992, 10032, 10072, 10112, 10152, 10192, 10232
9900, 9940, 9980, 10020, 10060, 10100, 10140, 10180, 10220, 10260, 10300
10057, 10097, 10137, 10177
9995, 10035, 10075, 10115, 10155, 10195, 10235, 10275, 10315
381, 421
3374, 3414, 3454, 3494, 3534, 3574, 3614
4046, 4086, 4126, 4166
4880, 4920, 4960, 5000, 5040
5539, 5579, 5619, 5659, 5699, 5739, 5779, 5819
4, 44, 84
170, 210
154, 194, 234
584, 624, 664, 704, 744
781, 821
1518, 1558
1534, 1574
1540, 1580, 1620, 1660
1605, 1645, 1685
1742, 1782
2193, 2233
2199, 2239, 2279
2095, 2135, 2175, 2215, 2255, 2295
2688, 2728
2704, 2744
2706, 2746
2678, 2718, 2758
2939, 2979
3235, 3275, 3315
3429, 3469, 3509, 3549, 3589, 3629
3561, 3601
4193, 4233
4206, 4246
4209, 4249
4283, 4323, 4363, 4403, 4443
4633, 4673, 4713, 4753
4934, 4974
5241, 5281, 5321, 5361
5291, 5331, 5371, 5411
5916, 5956, 5996
6037, 6077, 6117
6042, 6082, 6122
6014, 6054, 6094, 6134, 6174, 6214, 6254
6145, 6185
6151, 6191
6237, 6277
6675, 6715
6674, 6714, 6754
6658, 6698, 6738, 6778, 6818, 6858
6997, 7037, 7077
7137, 7177
7108, 7148, 7188, 7228, 7268
7331, 7371, 7411
7593, 7633, 7673, 7713, 7753, 7793, 7833, 7873
7692, 7732, 7772, 7812, 7852, 7892, 7932, 7972
7904, 7944
7925, 7965
7930, 7970
8104, 8144
8108, 8148
8520, 8560, 8600, 8640, 8680
8696, 8736, 8776, 8816
9441, 9481, 9521
9462, 9502, 9542, 9582, 9622, 9662, 9702
9557, 9597, 9637
9816, 9856
9893, 9933
10285, 10325
6, 46, 86
511, 551, 591, 631, 671, 711
646, 686, 726
814, 854, 894
1069, 1109, 1149, 1189, 1229, 1269, 1309, 1349
1078, 1118, 1158, 1198, 1238, 1278, 1318, 1358
1246, 1286, 1326
1429, 1469
1502, 1542, 1582
1499, 1539, 1579
1513, 1553, 1593, 1633, 1673, 1713
1724, 1764
1741, 1781
1962, 2002
2174, 2214, 2254
2248, 2288
2263, 2303
2367, 2407
2676, 2716, 2756
2998, 3038, 3078, 3118, 3158
3237, 3277, 3317
3376, 3416
3380, 3420, 3460, 3500, 3540, 3580, 3620
3353, 3393, 3433, 3473, 3513, 3553
3472, 3512
3410, 3450, 3490, 3530, 3570, 3610
3591, 3631
3679, 3719
3697, 3737, 3777
3776, 3816
3818, 3858
3876, 3916, 3956
4506, 4546
4556, 4596
4637, 4677, 4717, 4757, 4797, 4837
4933, 4973
4946, 4986, 5026
5262, 5302
5342, 5382
5403, 5443, 5483
5543, 5583, 5623, 5663, 5703, 5743, 5783, 5823, 5863
5660, 5700, 5740, 5780
5553, 5593, 5633, 5673, 5713, 5753, 5793, 5833, 5873
5920, 5960, 6000
6132, 6172
6152, 6192
6139, 6179, 6219, 6259
6235, 6275
6661, 6701, 6741, 6781, 6821
6777, 6817, 6857
6976, 7016
6994, 7034, 7074
7110, 7150, 7190
7703, 7743, 7783, 7823, 7863, 7903, 7943
7760, 7800, 7840, 7880
7740, 7780, 7820, 7860, 7900, 7940, 7980, 8020, 8060
7842, 7882
7952, 7992, 8032, 8072
8110, 8150
8121, 8161, 8201
8412, 8452, 8492
8522, 8562, 8602, 8642, 8682
8715, 8755, 8795, 8835, 8875
8546, 8586, 8626, 8666, 8706, 8746, 8786, 8826, 8866, 8906
9080, 9120
9430, 9470, 9510
9460, 9500, 9540, 9580, 9620, 9660, 9700
9800, 9840
9819, 9859
9924, 9964
10063, 10103
10003, 10043, 10083, 10123, 10163, 10203, 10243, 10283, 10323
10284, 10324
9, 49, 89
21, 61, 101
16, 56, 96
294, 334
521, 561
518, 558, 598, 638, 678, 718
680, 720, 760, 800, 840
634, 674, 714, 754, 794, 834, 874, 914, 954, 994
1002, 1042
1226, 1266
1259, 1299, 1339
1503, 1543
1538, 1578
1501, 1541, 1581, 1621, 1661, 1701
1583, 1623, 1663, 1703
1630, 1670, 1710
1797, 1837
1948, 1988
2028, 2068
2101, 2141
2106, 2146
2169, 2209
2091, 2131, 2171, 2211, 2251, 2291
2331, 2371
2877, 2917, 2957, 2997, 3037, 3077, 3117, 3157
3203, 3243
3240, 3280
3350, 3390
3375, 3415
3381, 3421, 3461, 3501, 3541, 3581, 3621
3351, 3391, 3431, 3471, 3511
3408, 3448, 3488, 3528, 3568
3877, 3917, 3957
3850, 3890, 3930, 3970
3856, 3896, 3936
3883, 3923, 3963
4289, 4329
4407, 4447
4850, 4890
4936, 4976
4961, 5001
4979, 5019, 5059
5097, 5137, 5177, 5217
5160, 5200
5142, 5182, 5222
5414, 5454
5416, 5456
5639, 5679, 5719, 5759, 5799, 5839, 5879
5885, 5925, 5965, 6005
6038, 6078
6033, 6073, 6113, 6153, 6193
6009, 6049, 6089, 6129, 6169, 6209, 6249
6156, 6196
6216, 6256
6296, 6336, 6376
6347, 6387
6672, 6712, 6752, 6792, 6832, 6872
6804, 6844, 6884
7298, 7338
7444, 7484, 7524
7867, 7907, 7947, 7987, 8027, 8067
8013, 8053, 8093, 8133, 8173
8112, 8152
8120, 8160
8323, 8363, 8403
8529, 8569, 8609, 8649, 8689, 8729, 8769, 8809, 8849, 8889, 8929
8525, 8565, 8605, 8645, 8685, 8725, 8765, 8805, 8845
8415, 8455, 8495, 8535, 8575, 8615, 8655, 8695, 8735, 8775, 8815, 8855
8827, 8867, 8907
8939, 8979
8942, 8982, 9022, 9062, 9102
9162, 9202
9212, 9252, 9292, 9332
9388, 9428
9498, 9538, 9578, 9618, 9658
9797, 9837
9821, 9861
9810, 9850, 9890, 9930
10016, 10056, 10096, 10136, 10176, 10216, 10256, 10296
10224, 10264, 10304
10, 50, 90
28, 68, 108
515, 555, 595, 635, 675, 715
613, 653, 693, 733
703, 743
788, 828
790, 830
776, 816, 856, 896
862, 902, 942
1071, 1111, 1151, 1191, 1231, 1271
1073, 1113, 1153, 1193, 1233, 1273, 1313
1374, 1414
1390, 1430
1432, 1472
1441, 1481
1530, 1570
1517, 1557, 1597, 1637, 1677, 1717
1689, 1729, 1769
2363, 2403
2502, 2542, 2582, 2622, 2662
2692, 2732
2790, 2830, 2870, 2910
2834, 2874, 2914, 2954, 2994, 3034, 3074, 3114
3004, 3044, 3084, 3124, 3164
3212, 3252, 3292
3242, 3282
3384, 3424, 3464, 3504, 3544, 3584, 3624
3360, 3400, 3440, 3480, 3520, 3560, 3600
3750, 3790, 3830
3825, 3865
3884, 3924, 3964
4135, 4175
4198, 4238
4533, 4573, 4613, 4653, 4693, 4733
4532, 4572, 4612, 4652, 4692, 4732, 4772, 4812
4525, 4565, 4605, 4645, 4685, 4725, 4765, 4805, 4845
4619, 4659, 4699, 4739
4740, 4780
5081, 5121
5093, 5133, 5173, 5213
5306, 5346, 5386, 5426
5405, 5445, 5485
5524, 5564
5521, 5561, 5601, 5641, 5681, 5721
5538, 5578, 5618, 5658, 5698, 5738, 5778, 5818
5643, 5683, 5723, 5763, 5803, 5843, 5883, 5923
5856, 5896, 5936, 5976
6024, 6064, 6104, 6144, 6184
6017, 6057, 6097, 6137, 6177, 6217, 6257
6155, 6195
6022, 6062, 6102, 6142, 6182, 6222, 6262
6225, 6265
6368, 6408, 6448, 6488, 6528, 6568
6787, 6827
6983, 7023
7112, 7152, 7192
7649, 7689, 7729, 7769, 7809, 7849, 7889
7647, 7687, 7727, 7767, 7807, 7847
7788, 7828
7763, 7803, 7843, 7883, 7923, 7963
7622, 7662, 7702, 7742, 7782, 7822, 7862, 7902
7776, 7816, 7856, 7896, 7936, 7976
7648, 7688, 7728, 7768, 7808, 7848, 7888, 7928, 7968
7916, 7956
7994, 8034, 8074
8021, 8061
8116, 8156
8047, 8087, 8127, 8167, 8207
8554, 8594, 8634, 8674, 8714, 8754, 8794, 8834, 8874
8518, 8558, 8598, 8638, 8678, 8718, 8758, 8798, 8838
8619, 8659, 8699, 8739, 8779, 8819, 8859, 8899
8662, 8702, 8742, 8782, 8822, 8862, 8902
8720, 8760, 8800, 8840
8884, 8924
8951, 8991, 9031, 9071, 9111
9001, 9041, 9081, 9121
9086, 9126
9248, 9288, 9328, 9368, 9408
9345, 9385
9561, 9601, 9641
9806, 9846
9823, 9863
10217, 10257
10286, 10326
11, 51, 91
15, 55, 95
22, 62, 102
384, 424, 464, 504, 544
601, 641, 681, 721, 761, 801, 841, 881
559, 599, 639, 679, 719, 759, 799, 839, 879
921, 961
928, 968
1003, 1043
1004, 1044
1089, 1129, 1169, 1209, 1249, 1289
1055, 1095, 1135, 1175, 1215, 1255, 1295
1251, 1291, 1331, 1371, 1411, 1451, 1491
1248, 1288, 1328, 1368, 1408, 1448, 1488, 1528, 1568
1529, 1569, 1609, 1649
1817, 1857, 1897, 1937, 1977, 2017, 2057
2031, 2071, 2111, 2151
2040, 2080, 2120, 2160
2104, 2144
2105, 2145
2109, 2149
2236, 2276, 2316
2270, 2310
2278, 2318
2329, 2369, 2409, 2449
3008, 3048
3010, 3050
2995, 3035, 3075, 3115, 3155
3153, 3193
2945, 2985, 3025, 3065, 3105, 3145, 3185, 3225, 3265, 3305
3241, 3281
3209, 3249, 3289
3348, 3388
3355, 3395, 3435, 3475, 3515, 3555, 3595, 3635
3407, 3447, 3487, 3527, 3567, 3607, 3647
3383, 3423, 3463, 3503, 3543, 3583, 3623, 3663, 3703, 3743
3845, 3885, 3925, 3965
3891, 3931, 3971
3910, 3950
4180, 4220, 4260, 4300, 4340, 4380
4277, 4317, 4357, 4397, 4437, 4477
4408, 4448
4643, 4683
4569, 4609, 4649, 4689, 4729, 4769, 4809, 4849
4938, 4978
5018, 5058
5126, 5166
5158, 5198, 5238
5141, 5181, 5221
5250, 5290
5255, 5295
5417, 5457
5432, 5472
5670, 5710
5589, 5629, 5669, 5709, 5749, 5789, 5829, 5869
5922, 5962, 6002
5919, 5959, 5999
6032, 6072
6118, 6158, 6198
6299, 6339, 6379
6306, 6346, 6386
6334, 6374, 6414
6335, 6375, 6415
6312, 6352, 6392
6365, 6405, 6445, 6485, 6525, 6565
6447, 6487, 6527, 6567
6673, 6713, 6753, 6793, 6833, 6873
6794, 6834
6803, 6843, 6883
6865, 6905
6875, 6915
7109, 7149, 7189, 7229, 7269
7201, 7241, 7281, 7321, 7361, 7401
7299, 7339
7496, 7536, 7576, 7616
7739, 7779, 7819, 7859, 7899, 7939, 7979, 8019
7746, 7786, 7826, 7866, 7906, 7946, 7986, 8026, 8066
7915, 7955, 7995, 8035, 8075
7993, 8033, 8073
8010, 8050, 8090, 8130, 8170
8163, 8203
8413, 8453
8953, 8993
9004, 9044
9142, 9182
9157, 9197
9209, 9249, 9289
9321, 9361
9457, 9497, 9537, 9577, 9617, 9657
9564, 9604, 9644, 9684
9643, 9683
9672, 9712
9796, 9836
9824, 9864
9830, 9870
9808, 9848, 9888, 9928, 9968
9975, 10015, 10055, 10095, 10135, 10175, 10215, 10255, 10295
10273, 10313
14, 54, 94
18, 58, 98
277, 317
430, 470
685, 725, 765, 805, 845
860, 900, 940
915, 955, 995
1008, 1048
1060, 1100, 1140, 1180, 1220, 1260, 1300
1092, 1132, 1172, 1212, 1252, 1292, 1332
1258, 1298
1455, 1495
1536, 1576, 1616, 1656, 1696
1505, 1545, 1585, 1625, 1665, 1705
1793, 1833
1951, 1991
1950, 1990, 2030, 2070, 2110, 2150
2043, 2083, 2123
2102, 2142
2168, 2208
2090, 2130, 2170, 2210, 2250, 2290
2180, 2220
2330, 2370, 2410
2334, 2374, 2414
2515, 2555, 2595, 2635, 2675
2577, 2617, 2657, 2697, 2737
2857, 2897, 2937, 2977, 3017, 3057, 3097, 3137, 3177
2950, 2990, 3030, 3070, 3110
3001, 3041, 3081, 3121, 3161
2828, 2868, 2908, 2948, 2988, 3028, 3068, 3108, 3148
3208, 3248
3378, 3418
3396, 3436, 3476, 3516, 3556, 3596
3372, 3412, 3452, 3492, 3532, 3572, 3612
3642, 3682, 3722
3795, 3835
3827, 3867
3893, 3933, 3973
3886, 3926, 3966
4188, 4228, 4268, 4308, 4348, 4388, 4428
4468, 4508, 4548, 4588, 4628, 4668, 4708, 4748, 4788, 4828, 4868, 4908
4530, 4570, 4610, 4650, 4690, 4730, 4770, 4810
4496, 4536, 4576, 4616, 4656, 4696, 4736, 4776, 4816, 4856, 4896
4720, 4760, 4800, 4840
5022, 5062
5095, 5135
5131, 5171, 5211
5124, 5164, 5204
5174, 5214
5145, 5185, 5225, 5265, 5305, 5345, 5385
5258, 5298
5415, 5455
5421, 5461
5449, 5489
5554, 5594, 5634, 5674, 5714, 5754
5696, 5736, 5776, 5816
5662, 5702, 5742, 5782, 5822, 5862
5573, 5613, 5653, 5693, 5733, 5773, 5813, 5853, 5893, 5933, 5973
6039, 6079, 6119, 6159, 6199, 6239
6224, 6264
6353, 6393
6451, 6491, 6531, 6571, 6611
6463, 6503, 6543, 6583
6649, 6689, 6729, 6769
6809, 6849
6779, 6819, 6859
6850, 6890
7036, 7076
7232, 7272
7481, 7521, 7561, 7601
7942, 7982
7791, 7831, 7871, 7911, 7951, 7991, 8031, 8071
7919, 7959, 7999, 8039, 8079
8037, 8077
8117, 8157
8328, 8368
8338, 8378, 8418, 8458, 8498
8387, 8427, 8467, 8507
8419, 8459, 8499, 8539, 8579
8570, 8610, 8650, 8690, 8730, 8770, 8810, 8850, 8890, 8930
8700, 8740, 8780, 8820, 8860, 8900
8894, 8934
8947, 8987, 9027, 9067, 9107
9453, 9493, 9533, 9573, 9613, 9653, 9693
9694, 9734
9829, 9869
9815, 9855, 9895, 9935
10013, 10053, 10093, 10133, 10173, 10213, 10253, 10293
19, 59, 99
169, 209, 249, 289, 329, 369, 409, 449
1056, 1096, 1136, 1176, 1216, 1256, 1296, 1336, 1376
1608, 1648, 1688, 1728, 1768
2858, 2898, 2938, 2978, 3018, 3058, 3098, 3138
3445, 3485, 3525, 3565, 3605, 3645
5890, 5930, 5970, 6010, 6050, 6090
6041, 6081, 6121, 6161, 6201, 6241
6757, 6797, 6837, 6877
8389, 8429, 8469, 8509, 8549, 8589, 8629, 8669, 8709, 8749, 8789, 8829, 8869
8722, 8762, 8802, 8842, 8882, 8922
8767, 8807, 8847, 8887, 8927
9455, 9495, 9535, 9575, 9615, 9655, 9695
9834, 9874
160, 200, 240, 280, 320, 360, 400, 440
433, 473
859, 899, 939
924, 964
931, 971
1061, 1101, 1141, 1181, 1221, 1261, 1301, 1341
1440, 1480, 1520, 1560
1253, 1293, 1333, 1373, 1413, 1453, 1493, 1533, 1573, 1613, 1653, 1693, 1733
1506, 1546, 1586, 1626, 1666, 1706
1515, 1555, 1595, 1635, 1675, 1715
1535, 1575, 1615, 1655, 1695, 1735
1504, 1544, 1584, 1624, 1664, 1704
1891, 1931
2100, 2140
2085, 2125, 2165
2266, 2306, 2346, 2386, 2426, 2466
2271, 2311, 2351, 2391, 2431
2495, 2535, 2575, 2615, 2655, 2695, 2735
2581, 2621, 2661, 2701, 2741
2824, 2864, 2904, 2944, 2984, 3024, 3064, 3104, 3144, 3184
3020, 3060, 3100, 3140, 3180, 3220, 3260, 3300
3365, 3405
3446, 3486, 3526, 3566
3801, 3841
3852, 3892, 3932
3857, 3897, 3937
3862, 3902
4217, 4257, 4297, 4337, 4377
4183, 4223, 4263, 4303, 4343, 4383
4267, 4307, 4347, 4387, 4427, 4467
4275, 4315, 4355, 4395, 4435, 4475
4351, 4391, 4431, 4471, 4511, 4551, 4591
4274, 4314, 4354, 4394, 4434, 4474, 4514, 4554, 4594, 4634, 4674, 4714, 4754
4578, 4618, 4658, 4698, 4738, 4778, 4818, 4858, 4898
4617, 4657, 4697, 4737, 4777, 4817, 4857, 4897, 4937, 4977
4951, 4991, 5031
5005, 5045
5127, 5167, 5207
5278, 5318, 5358, 5398, 5438
5424, 5464
5434, 5474
5555, 5595, 5635, 5675, 5715, 5755
5558, 5598, 5638, 5678, 5718, 5758, 5798, 5838, 5878
5661, 5701, 5741, 5781, 5821, 5861, 5901, 5941, 5981
5567, 5607, 5647, 5687, 5727, 5767, 5807, 5847, 5887, 5927, 5967, 6007
6315, 6355, 6395
6333, 6373
6358, 6398, 6438
6650, 6690, 6730, 6770, 6810
6816, 6856
6796, 6836, 6876
7061, 7101
7049, 7089, 7129, 7169, 7209, 7249, 7289, 7329, 7369, 7409
7105, 7145, 7185, 7225, 7265, 7305, 7345, 7385, 7425
7274, 7314, 7354, 7394, 7434
7340, 7380, 7420, 7460, 7500, 7540, 7580, 7620
7440, 7480
7482, 7522, 7562, 7602, 7642
8118, 8158
8291, 8331, 8371
8276, 8316, 8356, 8396, 8436, 8476
8612, 8652, 8692, 8732, 8772, 8812
8531, 8571, 8611, 8651, 8691, 8731, 8771, 8811, 8851, 8891, 8931
9007, 9047, 9087, 9127, 9167, 9207, 9247, 9287
9160, 9200
9217, 9257, 9297, 9337
9459, 9499, 9539, 9579, 9619, 9659, 9699
9449, 9489, 9529, 9569, 9609, 9649, 9689
9676, 9716
9791, 9831, 9871
9799, 9839, 9879
9798, 9838, 9878
9881, 9921, 9961, 10001, 10041, 10081, 10121, 10161, 10201, 10241, 10281, 10321
10132, 10172, 10212, 10252, 10292
10159, 10199, 10239, 10279, 10319
3369, 3409, 3449, 3489, 3529, 3569, 3609, 3649
4207, 4247, 4287, 4327, 4367
4222, 4262, 4302, 4342, 4382
6043, 6083, 6123, 6163, 6203
8297, 8337, 8377, 8417, 8457, 8497, 8537, 8577, 8617, 8657, 8697, 8737, 8777, 8817, 8857
8341, 8381, 8421, 8461, 8501
8391, 8431, 8471, 8511, 8551, 8591, 8631, 8671
8526, 8566, 8606, 8646, 8686, 8726, 8766, 8806, 8846, 8886, 8926
8408, 8448, 8488, 8528, 8568, 8608, 8648, 8688, 8728, 8768, 8808, 8848, 8888, 8928
9496, 9536, 9576, 9616, 9656
9566, 9606, 9646, 9686
9769, 9809, 9849, 9889, 9929, 9969, 10009, 10049, 10089, 10129, 10169
603, 643, 683, 723, 763
792, 832, 872, 912, 952
870, 910, 950, 990
873, 913, 953, 993
919, 959
1001, 1041
1306, 1346
1394, 1434, 1474, 1514, 1554, 1594, 1634, 1674, 1714, 1754
1372, 1412, 1452, 1492, 1532, 1572
1744, 1784, 1824, 1864, 1904, 1944
1873, 1913, 1953, 1993, 2033, 2073
1957, 1997, 2037, 2077, 2117, 2157
2108, 2148
2181, 2221, 2261, 2301, 2341, 2381, 2421, 2461, 2501, 2541
2178, 2218, 2258, 2298, 2338, 2378, 2418
2496, 2536, 2576, 2616, 2656
2507, 2547, 2587, 2627, 2667
2550, 2590, 2630, 2670
3150, 3190
3382, 3422, 3462, 3502, 3542, 3582, 3622
3636, 3676, 3716, 3756
3878, 3918
4179, 4219, 4259, 4299, 4339
4415, 4455
4519, 4559, 4599, 4639, 4679
4941, 4981, 5021, 5061
5328, 5368, 5408, 5448
5419, 5459
5646, 5686, 5726, 5766, 5806, 5846, 5886, 5926, 5966
6157, 6197
6298, 6338, 6378
6309, 6349, 6389
6357, 6397, 6437
6456, 6496, 6536, 6576, 6616
6639, 6679
6644, 6684, 6724, 6764
6805, 6845, 6885
6820, 6860
6788, 6828, 6868, 6908
6802, 6842, 6882
6806, 6846, 6886
6808, 6848, 6888, 6928
6909, 6949
7107, 7147, 7187, 7227, 7267
7106, 7146, 7186, 7226, 7266, 7306, 7346, 7386, 7426
7197, 7237, 7277, 7317, 7357, 7397, 7437, 7477, 7517, 7557
7445, 7485, 7525, 7565, 7605
7447, 7487, 7527, 7567, 7607
7449, 7489, 7529, 7569, 7609
7452, 7492, 7532, 7572, 7612, 7652
7454, 7494, 7534, 7574, 7614
7758, 7798, 7838, 7878, 7918, 7958, 7998, 8038, 8078
8012, 8052
7811, 7851, 7891, 7931, 7971, 8011, 8051, 8091, 8131, 8171
8938, 8978
8955, 8995
8943, 8983, 9023, 9063, 9103, 9143
9129, 9169
9133, 9173
9137, 9177
9139, 9179
9164, 9204
9568, 9608, 9648, 9688, 9728
9666, 9706
9668, 9708
9670, 9710
9822, 9862
9811, 9851, 9891, 9931, 9971
168, 208, 248, 288
307, 347, 387, 427, 467, 507, 547
1057, 1097, 1137, 1177, 1217
1065, 1105, 1145, 1185
1679, 1719
1786, 1826
2088, 2128
2497, 2537
2506, 2546
2529, 2569
2589, 2629, 2669, 2709, 2749
2352, 2392, 2432, 2472, 2512, 2552, 2592, 2632, 2672, 2712, 2752
2936, 2976, 3016, 3056, 3096
2946, 2986, 3026, 3066, 3106, 3146, 3186
3879, 3919
3849, 3889, 3929, 3969
3909, 3949
3913, 3953
4208, 4248, 4288, 4328, 4368
4284, 4324, 4364, 4404, 4444, 4484
4065, 4105, 4145, 4185, 4225, 4265, 4305, 4345, 4385, 4425, 4465
4279, 4319, 4359, 4399, 4439, 4479
4871, 4911
4899, 4939
5096, 5136, 5176, 5216
5068, 5108, 5148, 5188, 5228, 5268
5147, 5187, 5227, 5267, 5307, 5347, 5387
5824, 5864
5963, 6003
6048, 6088, 6128, 6168, 6208
6302, 6342, 6382
6305, 6345, 6385
6337, 6377
6344, 6384
6356, 6396
6364, 6404
6370, 6410
6755, 6795, 6835
6960, 7000, 7040, 7080, 7120, 7160
7042, 7082
7004, 7044, 7084, 7124, 7164, 7204, 7244
7113, 7153, 7193, 7233, 7273, 7313, 7353, 7393, 7433
8253, 8293, 8333, 8373
8376, 8416, 8456, 8496, 8536, 8576
8340, 8380, 8420, 8460, 8500, 8540, 8580, 8620
8384, 8424, 8464, 8504, 8544, 8584, 8624
8676, 8716, 8756, 8796, 8836, 8876, 8916
8717, 8757, 8797, 8837, 8877, 8917
8721, 8761, 8801, 8841, 8881, 8921
9917, 9957, 9997, 10037, 10077, 10117, 10157, 10197, 10237, 10277, 10317
1064, 1104, 1144, 1184
1087, 1127, 1167, 1207, 1247, 1287, 1327
1507, 1547, 1587, 1627, 1667, 1707, 1747, 1787, 1827, 1867
2081, 2121
2089, 2129
2498, 2538
2827, 2867, 2907, 2947, 2987, 3027, 3067, 3107, 3147
2951, 2991, 3031, 3071, 3111, 3151
3606, 3646
3880, 3920, 3960
3848, 3888, 3928, 3968
3908, 3948
3914, 3954
3881, 3921, 3961
4286, 4326, 4366, 4406, 4446, 4486
4400, 4440
4872, 4912
4820, 4860, 4900, 4940, 4980
5085, 5125, 5165, 5205
5069, 5109, 5149, 5189, 5229, 5269, 5309, 5349, 5389
5115, 5155, 5195, 5235, 5275, 5315, 5355, 5395, 5435
5132, 5172, 5212
5138, 5178, 5218
5665, 5705, 5745, 5785, 5825, 5865, 5905, 5945, 5985
5831, 5871
6044, 6084
6363, 6403
6329, 6369, 6409, 6449, 6489, 6529
6640, 6680, 6720, 6760, 6800, 6840, 6880
7312, 7352, 7392, 7432, 7472, 7512, 7552
8285, 8325, 8365
8294, 8334
8279, 8319, 8359, 8399, 8439, 8479
9016, 9056, 9096, 9136, 9176
9243, 9283
9914, 9954
1244, 1284
1588, 1628, 1668, 1708, 1748, 1788, 1828, 1868, 1908
2082, 2122
2500, 2540
2852, 2892, 2932, 2972, 3012, 3052, 3092, 3132, 3172
4298, 4338, 4378, 4418, 4458
5828, 5868
8286, 8326
8314, 8354
212, 252
857, 897
2094, 2134
2084, 2124, 2164, 2204, 2244, 2284, 2324, 2364, 2404
2493, 2533, 2573, 2613, 2653, 2693, 2733
2861, 2901, 2941, 2981, 3021, 3061, 3101, 3141, 3181, 3221, 3261, 3301
2832, 2872, 2912, 2952, 2992, 3032, 3072, 3112, 3152, 3192
3895, 3935, 3975
3901, 3941
3911, 3951
4214, 4254, 4294, 4334, 4374
4190, 4230, 4270, 4310, 4350, 4390, 4430, 4470
4282, 4322, 4362, 4402, 4442, 4482
4571, 4611, 4651, 4691, 4731
4787, 4827, 4867, 4907, 4947, 4987
4510, 4550, 4590, 4630, 4670, 4710, 4750, 4790, 4830, 4870, 4910, 4950, 4990, 5030
4636, 4676, 4716, 4756, 4796, 4836, 4876, 4916, 4956, 4996, 5036
4742, 4782, 4822, 4862, 4902, 4942, 4982
5090, 5130, 5170, 5210
5072, 5112, 5152, 5192, 5232
5162, 5202
5146, 5186, 5226, 5266
5153, 5193, 5233, 5273, 5313, 5353, 5393, 5433, 5473
6013, 6053, 6093, 6133, 6173, 6213, 6253
6303, 6343
6350, 6390
6758, 6798, 6838, 6878, 6918
7039, 7079
7001, 7041, 7081, 7121, 7161
6963, 7003, 7043, 7083, 7123, 7163, 7203, 7243, 7283, 7323, 7363, 7403
7308, 7348, 7388, 7428, 7468
7296, 7336, 7376, 7416, 7456
7302, 7342, 7382, 7422, 7462, 7502, 7542
8017, 8057, 8097, 8137, 8177
8317, 8357
8287, 8327, 8367, 8407, 8447, 8487
8383, 8423, 8463, 8503, 8543, 8583, 8623, 8663
8345, 8385, 8425, 8465, 8505, 8545, 8585, 8625, 8665
8719, 8759, 8799, 8839, 8879, 8919
8523, 8563, 8603, 8643, 8683, 8723, 8763, 8803, 8843, 8883, 8923
8897, 8937
9216, 9256, 9296, 9336, 9376
9392, 9432, 9472, 9512
9805, 9845, 9885, 9925, 9965, 10005, 10045, 10085
9918, 9958, 9998, 10038, 10078, 10118, 10158, 10198, 10238, 10278, 10318
523, 563
517, 557, 597, 637, 677, 717, 757, 797, 837, 877, 917, 957
871, 911, 951, 991
916, 956
918, 958
925, 965
1006, 1046
1094, 1134, 1174, 1214, 1254, 1294
1324, 1364
1290, 1330, 1370, 1410, 1450, 1490
1329, 1369, 1409, 1449, 1489
1442, 1482
1606, 1646
1863, 1903, 1943, 1983
1795, 1835, 1875, 1915, 1955, 1995, 2035, 2075, 2115, 2155
2093, 2133, 2173, 2213, 2253, 2293
2099, 2139, 2179, 2219, 2259, 2299, 2339, 2379, 2419
2176, 2216, 2256, 2296
2184, 2224, 2264, 2304
2273, 2313
2182, 2222, 2262, 2302, 2342, 2382, 2422
2097, 2137, 2177, 2217, 2257, 2297, 2337, 2377, 2417
2332, 2372, 2412, 2452
2505, 2545, 2585, 2625, 2665, 2705, 2745
2268, 2308, 2348, 2388, 2428, 2468, 2508, 2548, 2588, 2628, 2668, 2708, 2748
2511, 2551, 2591, 2631, 2671, 2711, 2751
2353, 2393, 2433, 2473, 2513, 2553, 2593, 2633, 2673, 2713, 2753
2724, 2764
3385, 3425, 3465, 3505, 3545, 3585, 3625, 3665, 3705, 3745, 3785
3700, 3740, 3780, 3820, 3860, 3900, 3940
3898, 3938
4186, 4226, 4266, 4306, 4346, 4386, 4426, 4466
4215, 4255, 4295, 4335, 4375
4210, 4250, 4290, 4330, 4370, 4410, 4450, 4490
4024, 4064, 4104, 4144, 4184, 4224, 4264, 4304, 4344, 4384, 4424, 4464
4281, 4321, 4361, 4401, 4441, 4481, 4521, 4561, 4601, 4641, 4681, 4721
4414, 4454
4522, 4562, 4602, 4642, 4682
4527, 4567, 4607, 4647, 4687, 4727, 4767, 4807
4495, 4535, 4575, 4615, 4655, 4695, 4735
5003, 5043
5070, 5110, 5150, 5190, 5230, 5270, 5310, 5350, 5390
5100, 5140, 5180, 5220, 5260, 5300, 5340, 5380
5143, 5183, 5223, 5263, 5303, 5343, 5383
5253, 5293, 5333, 5373, 5413, 5453
5418, 5458
5420, 5460
5657, 5697, 5737, 5777, 5817, 5857, 5897, 5937, 5977
5695, 5735, 5775, 5815, 5855, 5895, 5935, 5975
5609, 5649, 5689, 5729, 5769, 5809, 5849, 5889, 5929, 5969
5684, 5724, 5764, 5804, 5844, 5884, 5924, 5964, 6004
5531, 5571, 5611, 5651, 5691, 5731, 5771, 5811, 5851, 5891, 5931, 5971, 6011, 6051, 6091
6045, 6085
6301, 6341
6360, 6400, 6440, 6480
6446, 6486, 6526, 6566
6459, 6499, 6539, 6579, 6619
6646, 6686, 6726, 6766
6811, 6851
6822, 6862
6790, 6830, 6870, 6910
6759, 6799, 6839, 6879, 6919
6671, 6711, 6751, 6791, 6831, 6871, 6911, 6951
7261, 7301, 7341, 7381, 7421, 7461, 7501, 7541
7143, 7183, 7223, 7263, 7303, 7343, 7383, 7423, 7463, 7503, 7543
7309, 7349, 7389, 7429, 7469, 7509, 7549
7519, 7559
7446, 7486, 7526, 7566, 7606
7450, 7490, 7530, 7570, 7610, 7650
7493, 7533, 7573, 7613, 7653, 7693
7455, 7495, 7535, 7575, 7615, 7655, 7695, 7735, 7775, 7815, 7855, 7895, 7935, 7975, 8015, 8055
7457, 7497, 7537, 7577, 7617, 7657, 7697, 7737, 7777, 7817, 7857, 7897, 7937, 7977
7681, 7721, 7761, 7801, 7841, 7881, 7921, 7961, 8001, 8041, 8081
7996, 8036, 8076
7894, 7934, 7974, 8014, 8054, 8094, 8134, 8174
8233, 8273, 8313, 8353, 8393, 8433, 8473
8262, 8302, 8342, 8382, 8422, 8462, 8502
8280, 8320, 8360, 8400, 8440, 8480
8282, 8322, 8362, 8402, 8442, 8482
8524, 8564, 8604, 8644, 8684
8959, 8999
8946, 8986, 9026, 9066
9134, 9174
9166, 9206
9450, 9490, 9530, 9570, 9610, 9650, 9690, 9730
9669, 9709
9673, 9713
9696, 9736
9801, 9841
9827, 9867
9817, 9857, 9897, 9937, 9977, 10017
10011, 10051, 10091, 10131, 10171, 10211, 10251
10228, 10268
1062, 1102, 1142, 1182
1245, 1285
1631, 1671, 1711, 1751, 1791, 1831, 1871
2114, 2154
2205, 2245, 2285, 2325, 2365, 2405, 2445
2492, 2532, 2572, 2612, 2652
3011, 3051
2993, 3033, 3073, 3113
3608, 3648
3847, 3887, 3927, 3967
3912, 3952
4211, 4251, 4291, 4331, 4371, 4411, 4451, 4491
4212, 4252, 4292, 4332, 4372, 4412, 4452
4369, 4409, 4449, 4489
4785, 4825, 4865, 4905, 4945, 4985, 5025
5074, 5114, 5154, 5194, 5234, 5274, 5314, 5354, 5394
5175, 5215
5144, 5184, 5224, 5264, 5304, 5344, 5384
5761, 5801, 5841, 5881, 5921, 5961, 6001
6366, 6406
6647, 6687, 6727, 6767, 6807, 6847, 6887
7310, 7350, 7390, 7430
8893, 8933
9393, 9433, 9473, 9513
9915, 9955
9887, 9927, 9967, 10007, 10047, 10087, 10127, 10167, 10207, 10247, 10287, 10327
52, 92
1063, 1103, 1143, 1183
2087, 2127
2829, 2869, 2909, 2949, 2989, 3029, 3069, 3109
4205, 4245, 4285, 4325, 4365, 4405, 4445, 4485
6721, 6761, 6801, 6841, 6881
7311, 7351, 7391, 7431, 7471, 7511, 7551
8292, 8332
